1748882712.003944874 6.917600 -3.596227 0.012516 0.484954 -0.528741 -0.513076 0.471176
1748882712.204576015 6.832292 -3.573319 0.005834 0.463100 -0.542426 -0.520010 0.470002
1748882712.405353069 6.750047 -3.553803 0.000748 0.436402 -0.560005 -0.525229 0.469130
1748882712.605958939 6.674878 -3.535067 0.010601 0.406386 -0.578501 -0.532159 0.465826
1748882712.806725979 6.581624 -3.551061 0.021959 0.379019 -0.592269 -0.537797 0.465120
1748882713.007477999 6.480334 -3.563652 0.035616 0.363551 -0.599087 -0.550733 0.453451
1748882713.207971096 6.368314 -3.586902 0.069489 0.363707 -0.596289 -0.565750 0.438272
1748882713.408874989 6.260782 -3.566160 0.086581 0.365967 -0.595073 -0.578705 0.420781
1748882713.609503031 6.145293 -3.554486 0.107072 0.362765 -0.599191 -0.587487 0.405253
1748882713.810240030 6.031721 -3.557320 0.118962 0.366560 -0.599440 -0.586161 0.403385
1748882714.010983944 5.916306 -3.542447 0.125977 0.358495 -0.607399 -0.592796 0.388769
1748882714.211647034 5.812546 -3.529769 0.138376 0.342833 -0.618171 -0.607276 0.362693
1748882714.412378073 5.719506 -3.525545 0.152974 0.324244 -0.627203 -0.620736 0.340836
1748882714.613101006 5.650666 -3.543406 0.160453 0.318878 -0.624502 -0.626908 0.339558
1748882714.813728094 5.565252 -3.565334 0.174758 0.319710 -0.621225 -0.628059 0.342646
1748882715.014400959 5.494588 -3.599056 0.186670 0.326667 -0.620130 -0.624121 0.345254
1748882715.215342999 5.438298 -3.651750 0.197579 0.338643 -0.619743 -0.616817 0.347528
1748882715.415894985 5.404642 -3.720247 0.212157 0.351412 -0.619764 -0.607108 0.351884
1748882715.616421223 5.390126 -3.798470 0.231244 0.360146 -0.618195 -0.600663 0.356838
1748882715.850639820 5.391752 -3.891046 0.254646 0.363001 -0.611767 -0.603479 0.360256
1748882716.051410913 5.391207 -3.991026 0.280255 0.368674 -0.600734 -0.606309 0.368222
1748882716.252031088 5.397921 -4.073643 0.290200 0.379632 -0.586450 -0.603956 0.383657
1748882716.452790976 5.420017 -4.127702 0.294394 0.379853 -0.583830 -0.607126 0.382429
1748882716.653550148 5.448282 -4.178700 0.304898 0.361411 -0.593084 -0.621003 0.363302
1748882716.854040146 5.435451 -4.226646 0.335185 0.334469 -0.602755 -0.640577 0.338346
1748882717.054805040 5.392308 -4.269486 0.360254 0.310944 -0.605145 -0.658288 0.322134
1748882717.255566120 5.321050 -4.309494 0.369692 0.291767 -0.606627 -0.667031 0.319290
1748882717.456319094 5.233689 -4.335661 0.372593 0.286301 -0.609410 -0.668824 0.315158
1748882717.657064915 5.154600 -4.342806 0.379634 0.284147 -0.617917 -0.664480 0.309685
1748882717.857584953 5.064510 -4.345135 0.394206 0.281803 -0.627567 -0.659399 0.303217
1748882718.058448792 4.970452 -4.357302 0.406546 0.288214 -0.633164 -0.653385 0.298535
1748882718.259073019 4.897453 -4.393505 0.415510 0.303780 -0.635291 -0.643201 0.300692
1748882718.459862947 4.839767 -4.423628 0.418128 0.317035 -0.637459 -0.631995 0.306133
1748882718.660463095 4.796807 -4.457668 0.427387 0.321221 -0.637738 -0.626743 0.311930
1748882718.861265898 4.753499 -4.486963 0.433941 0.316658 -0.637783 -0.628169 0.313630
1748882719.062195063 4.709902 -4.510210 0.456162 0.299812 -0.636923 -0.642132 0.303494
1748882719.262475967 4.638951 -4.551904 0.479857 0.290733 -0.630159 -0.655998 0.296716
1748882719.463408232 4.553941 -4.588399 0.498057 0.292843 -0.624809 -0.660740 0.295432
1748882719.663997889 4.475923 -4.610558 0.508559 0.292891 -0.623578 -0.661488 0.296310
1748882719.864573002 4.392109 -4.624154 0.517127 0.289774 -0.625517 -0.660610 0.297245
1748882720.065491915 4.302602 -4.633302 0.528321 0.283860 -0.628639 -0.660513 0.296579
1748882720.266091108 4.206378 -4.631137 0.529112 0.278355 -0.631781 -0.662510 0.290604
1748882720.466894150 4.090268 -4.639189 0.531849 0.286545 -0.632487 -0.665510 0.273767
1748882720.667500973 3.994430 -4.647250 0.519671 0.301858 -0.631825 -0.663100 0.264531
1748882720.868268013 3.915789 -4.645168 0.497532 0.303235 -0.637290 -0.657485 0.263863
1748882721.068914890 3.842673 -4.647983 0.491064 0.292740 -0.649227 -0.651145 0.262332
1748882721.269653082 3.773873 -4.655716 0.493340 0.283422 -0.654030 -0.648730 0.266581
1748882721.470629215 3.708218 -4.667742 0.508399 0.277603 -0.652008 -0.654073 0.264594
1748882721.704581976 3.625230 -4.684395 0.525087 0.269905 -0.643915 -0.663482 0.268917
1748882721.905167103 3.544765 -4.700649 0.538336 0.262714 -0.639328 -0.669410 0.272271
1748882722.105969906 3.466205 -4.726816 0.567252 0.264623 -0.637940 -0.670347 0.271372
1748882722.306714773 3.404432 -4.771039 0.597265 0.284215 -0.632626 -0.665342 0.276271
1748882722.507216930 3.369494 -4.818836 0.589789 0.302611 -0.621169 -0.665235 0.282909
1748882722.708140135 3.355890 -4.866487 0.580162 0.310550 -0.615708 -0.666618 0.282988
1748882722.908646822 3.353033 -4.926230 0.565950 0.308471 -0.617544 -0.663256 0.289097
1748882723.109507084 3.367467 -4.996370 0.564149 0.303789 -0.620349 -0.663604 0.287244
1748882723.310064077 3.381531 -5.070330 0.544294 0.291072 -0.620363 -0.669903 0.285757
1748882723.510941029 3.401757 -5.144295 0.516772 0.267192 -0.624586 -0.680102 0.275613
1748882723.744805098 3.442056 -5.234891 0.498891 0.232235 -0.631095 -0.697346 0.247982
1748882723.945714951 3.486961 -5.318154 0.500714 0.200581 -0.636587 -0.712774 0.215587
1748882724.146337032 3.526543 -5.412156 0.522303 0.174044 -0.641131 -0.722712 0.190651
1748882724.347109079 3.534298 -5.512273 0.585011 0.170452 -0.645306 -0.722104 0.181911
1748882724.581104040 3.516383 -5.617862 0.579793 0.176120 -0.645224 -0.716280 0.199025
1748882724.782011986 3.506333 -5.688016 0.572773 0.174621 -0.650533 -0.709792 0.206179
1748882725.016103983 3.474610 -5.753400 0.573452 0.166692 -0.653908 -0.708334 0.207076
1748882725.216762781 3.429689 -5.792251 0.543880 0.142558 -0.657053 -0.713484 0.197229
1748882725.417680979 3.387208 -5.813794 0.571272 0.121722 -0.665105 -0.716099 0.173264
1748882725.618255854 3.317533 -5.810054 0.593605 0.106904 -0.669797 -0.718091 0.155848
1748882725.818866968 3.241475 -5.796123 0.620438 0.106986 -0.674790 -0.716240 0.142170
1748882726.019644976 3.153923 -5.783404 0.637865 0.117565 -0.677749 -0.711829 0.141896
1748882726.220265865 3.077576 -5.778653 0.642346 0.130347 -0.680666 -0.705019 0.150507
1748882726.421039104 3.009180 -5.782976 0.639304 0.139112 -0.684063 -0.698267 0.158522
1748882726.621792078 2.948814 -5.803013 0.645998 0.147392 -0.686556 -0.693513 0.161112
1748882726.822449923 2.899450 -5.845303 0.652302 0.156729 -0.684659 -0.691913 0.167135
1748882727.023235083 2.857607 -5.904117 0.657124 0.162314 -0.680303 -0.693562 0.172667
1748882727.223664045 2.825194 -5.967535 0.663271 0.160735 -0.677110 -0.697362 0.171387
1748882727.424563885 2.799734 -6.037456 0.671306 0.152294 -0.675315 -0.703564 0.160482
1748882727.625192881 2.778847 -6.110070 0.678571 0.139056 -0.673641 -0.710875 0.146720
1748882727.825935125 2.760041 -6.183427 0.680174 0.122781 -0.673294 -0.716255 0.136306
1748882728.026697874 2.738681 -6.255090 0.686283 0.105667 -0.673378 -0.721799 0.120011
1748882728.227196932 2.709154 -6.323732 0.692783 0.095727 -0.671430 -0.726650 0.109536
1748882728.428058863 2.659559 -6.388773 0.705083 0.097943 -0.667623 -0.729826 0.109733
1748882728.628859997 2.615842 -6.443064 0.704469 0.112269 -0.657554 -0.734556 0.124280
1748882728.829472065 2.580336 -6.482603 0.704535 0.113819 -0.653730 -0.736707 0.130174
1748882729.030075788 2.533960 -6.503703 0.703100 0.100867 -0.657434 -0.735740 0.127646
1748882729.230834961 2.472911 -6.510172 0.704968 0.094268 -0.661546 -0.733141 0.126392
1748882729.431590796 2.412365 -6.493288 0.704525 0.084240 -0.669457 -0.728203 0.120212
1748882729.632096052 2.343890 -6.464669 0.708387 0.072829 -0.679402 -0.721965 0.108972
1748882729.832993984 2.267945 -6.439255 0.714110 0.073251 -0.686495 -0.715859 0.104428
1748882730.033622980 2.201503 -6.410026 0.719390 0.072179 -0.693147 -0.710199 0.099769
1748882730.234365940 2.138935 -6.380145 0.725123 0.062565 -0.697495 -0.708536 0.086970
1748882730.435113907 2.079349 -6.348532 0.730289 0.048932 -0.699023 -0.709891 0.070902
1748882730.635628939 2.022145 -6.313826 0.735388 0.033114 -0.699565 -0.711885 0.052262
1748882730.869874954 1.956483 -6.271842 0.742950 0.013655 -0.698798 -0.714429 0.032943
1748882731.070629835 1.893143 -6.239658 0.753006 0.009912 -0.696218 -0.717275 0.026440
1748882731.271272898 1.827827 -6.212849 0.763207 0.015452 -0.694536 -0.718737 0.028253
1748882731.472006798 1.761838 -6.200267 0.770109 0.026704 -0.694170 -0.718397 0.036345
1748882731.672768116 1.699208 -6.202630 0.775540 0.032018 -0.696434 -0.715798 0.039839
1748882731.873270035 1.633999 -6.214668 0.783972 0.027418 -0.700285 -0.712303 0.038385
1748882732.074191809 1.556773 -6.237841 0.796391 0.021906 -0.701646 -0.711271 0.036154
1748882732.274794102 1.494592 -6.250693 0.810039 0.020444 -0.698935 -0.713919 0.037307
1748882732.475548983 1.431174 -6.266190 0.823645 0.005366 -0.697785 -0.715823 0.025774
1748882732.676335096 1.370162 -6.281819 0.836752 -0.013196 -0.694911 -0.718923 0.008604
1748882732.876805782 1.292240 -6.310494 0.843008 0.028118 0.690304 0.722944 0.006470
1748882733.077682972 1.215258 -6.346356 0.847112 0.029465 0.686582 0.726390 0.009754
1748882733.311830044 1.131963 -6.401455 0.849932 0.017788 0.684834 0.728437 0.008147
1748882733.512444019 1.062428 -6.457316 0.853560 0.005698 0.684633 0.728860 0.003041
1748882733.713300943 1.004777 -6.513523 0.857789 0.002771 -0.685181 -0.728367 0.000999
1748882733.913975954 0.958565 -6.566293 0.868180 0.008178 0.687712 0.725855 0.010943
1748882734.114456177 0.909846 -6.621656 0.873260 0.028169 0.687184 0.725296 0.030496
1748882734.315336943 0.847440 -6.675113 0.877977 0.042104 0.684929 0.726009 0.044832
1748882734.515980959 0.783184 -6.713704 0.885814 0.042842 0.683010 0.727807 0.044257
1748882734.716726065 0.727031 -6.750772 0.887919 0.044505 0.682243 0.728647 0.040470
1748882734.917497158 0.669513 -6.785866 0.893633 0.054652 0.682909 0.727003 0.045995
1748882735.118025064 0.610316 -6.815935 0.899196 0.065740 0.685923 0.722291 0.059023
1748882735.318870068 0.542243 -6.838218 0.910729 0.075615 0.688702 0.717518 0.071687
1748882735.519413948 0.471559 -6.853565 0.920327 0.082516 0.688427 0.716561 0.076154
1748882735.720273972 0.405032 -6.867261 0.931718 0.094003 0.686669 0.716095 0.082810
1748882735.920864105 0.334093 -6.871404 0.939361 0.105552 0.683109 0.716926 0.090760
1748882736.121665001 0.259571 -6.867308 0.947915 0.109636 0.680883 0.717792 0.095671
1748882736.322373867 0.188778 -6.855158 0.956080 0.112306 0.680511 0.717225 0.099405
1748882736.522909880 0.120725 -6.828566 0.966900 0.116658 0.679632 0.716758 0.103677
1748882736.723766088 0.055246 -6.787948 0.973098 0.117299 0.679819 0.716009 0.106851
1748882736.924409151 -0.002191 -6.738672 0.981268 0.118214 0.684028 0.711726 0.107593
1748882737.125136852 -0.055760 -6.685266 0.993140 0.120555 0.689154 0.706231 0.108493
1748882737.325772047 -0.108589 -6.627605 1.006672 0.124539 0.692201 0.702006 0.111963
1748882737.526527882 -0.158463 -6.565903 1.019376 0.125583 0.693214 0.700157 0.116033
1748882737.727298021 -0.208010 -6.501503 1.034359 0.125684 0.695235 0.697320 0.120813
1748882737.927826881 -0.244632 -6.440279 1.048211 0.127756 0.695479 0.695405 0.128058
1748882738.128657818 -0.288874 -6.377492 1.069953 0.136763 0.693601 0.692386 0.144274
1748882738.329288006 -0.334787 -6.309495 1.086441 0.142158 0.689304 0.694334 0.150171
1748882738.530077934 -0.376238 -6.243193 1.097128 0.150366 0.685716 0.694961 0.155604
1748882738.730813026 -0.434332 -6.175255 1.103610 0.154332 0.684620 0.693800 0.161610
1748882738.931308031 -0.504437 -6.117688 1.113353 0.147425 0.689219 0.692058 0.155881
1748882739.132423878 -0.572000 -6.080916 1.117006 0.137697 0.695536 0.690595 0.142648
1748882739.332912922 -0.644156 -6.061292 1.125784 0.128486 0.699789 0.689862 0.133707
1748882739.566810846 -0.731705 -6.056175 1.136189 0.124018 0.699731 0.691666 0.128817
1748882739.767735004 -0.806036 -6.065504 1.146878 0.121688 0.696516 0.695824 0.126046
1748882739.968481064 -0.877708 -6.085920 1.159140 0.123448 0.690333 0.700712 0.131160
1748882740.168962002 -0.948431 -6.113027 1.170238 0.125582 0.681806 0.706727 0.141093
1748882740.369920969 -1.022017 -6.142272 1.179892 0.126521 0.674852 0.711029 0.151672
1748882740.570501804 -1.106249 -6.164909 1.187799 0.116998 0.672910 0.714935 0.149572
1748882740.771226168 -1.179133 -6.197736 1.183185 0.109666 0.675221 0.715468 0.141970
1748882740.971982002 -1.257458 -6.230528 1.186038 0.103100 0.677846 0.715873 0.131990
1748882741.172491074 -1.320508 -6.270239 1.177619 0.104047 0.678215 0.716110 0.128001
1748882741.373360872 -1.387331 -6.298373 1.178241 0.110925 0.680083 0.712714 0.131228
1748882741.573995113 -1.453452 -6.319945 1.181941 0.115601 0.680299 0.710494 0.137941
1748882741.774739027 -1.518059 -6.335250 1.186008 0.123199 0.680702 0.707160 0.146260
1748882741.975410938 -1.581448 -6.345770 1.194458 0.135531 0.679005 0.704662 0.155030
1748882742.176356077 -1.641716 -6.349538 1.194083 0.151698 0.674996 0.702634 0.166355
1748882742.376890182 -1.711747 -6.339363 1.200859 0.167731 0.674046 0.697000 0.178098
1748882742.577412128 -1.788260 -6.311855 1.212002 0.174585 0.676372 0.691879 0.182601
1748882742.778182983 -1.854410 -6.287395 1.216322 0.169901 0.678786 0.691854 0.178104
1748882742.978916168 -1.921417 -6.259558 1.222199 0.168450 0.680868 0.690486 0.176842
1748882743.179653168 -1.987826 -6.230449 1.226933 0.167623 0.682663 0.689442 0.174768
1748882743.380404949 -2.049421 -6.202958 1.232369 0.164712 0.683370 0.690539 0.170388
1748882743.581041813 -2.102179 -6.167198 1.237160 0.168799 0.681846 0.690592 0.172266
1748882743.781780005 -2.150589 -6.121210 1.245591 0.171945 0.680226 0.690359 0.176442
1748882743.982304096 -2.191592 -6.065531 1.252692 0.173353 0.680030 0.688529 0.182856
1748882744.183397055 -2.226893 -6.003090 1.269456 0.174155 0.678789 0.687574 0.190152
1748882744.417454004 -2.256377 -5.920819 1.285108 0.173285 0.674596 0.687670 0.204943
1748882744.619013071 -2.273862 -5.861395 1.297394 0.155634 0.677241 0.686899 0.212819
1748882744.885583878 -2.278342 -5.815101 1.317927 0.145428 0.674367 0.686180 0.230731
1748882745.086368084 -2.296536 -5.751323 1.320650 0.152082 0.667391 0.689847 0.235736
1748882745.287115097 -2.305690 -5.677714 1.325079 0.175585 0.663569 0.686772 0.239147
1748882745.487610817 -2.316483 -5.588378 1.319706 0.199153 0.667068 0.678065 0.235767
1748882745.688470125 -2.328836 -5.497061 1.319730 0.212318 0.679811 0.666304 0.220944
1748882745.889114857 -2.347801 -5.412836 1.320149 0.212193 0.691649 0.658175 0.208332
1748882746.089879036 -2.370450 -5.341417 1.320268 0.204952 0.700194 0.654513 0.198333
1748882746.290482998 -2.395714 -5.285353 1.321997 0.207402 0.702688 0.650513 0.200119
1748882746.491254091 -2.429448 -5.238257 1.332403 0.216286 0.700961 0.645198 0.213526
1748882746.691987991 -2.484713 -5.206149 1.349190 0.216875 0.698265 0.644331 0.224116
1748882746.892559052 -2.556766 -5.192601 1.369582 0.202400 0.692041 0.657264 0.219357
1748882747.093372822 -2.629436 -5.185613 1.387139 0.201295 0.684926 0.664299 0.221502
1748882747.293992996 -2.732911 -5.190382 1.399237 0.191433 0.679627 0.671989 0.223365
1748882747.494744062 -2.813262 -5.199250 1.416759 0.171667 0.678705 0.682532 0.209857
1748882747.695493937 -2.874733 -5.208502 1.428622 0.180463 0.672512 0.683751 0.218278
1748882747.896133900 -2.937824 -5.219835 1.434838 0.204204 0.659650 0.681404 0.242591
1748882748.096897125 -2.999626 -5.222592 1.440030 0.231471 0.645750 0.674376 0.273213
1748882748.297420979 -3.054187 -5.211135 1.445031 0.254845 0.629535 0.667887 0.304413
1748882748.498298168 -3.089950 -5.191258 1.446444 0.281702 0.610599 0.658083 0.338734
1748882748.698928118 -3.119424 -5.158681 1.440217 0.314308 0.594758 0.639249 0.372604
1748882748.899658918 -3.153658 -5.102597 1.434386 0.329411 0.591317 0.627042 0.385553
1748882749.100495815 -3.150107 -5.042272 1.424164 0.332136 0.594074 0.623533 0.384666
1748882749.300933123 -3.155293 -4.983453 1.414756 0.352037 0.593595 0.610835 0.388066
1748882749.501839161 -3.191881 -4.912383 1.408213 0.360427 0.598236 0.607309 0.378659
1748882749.702857018 -3.227006 -4.850804 1.406096 0.351051 0.614793 0.607398 0.360362
1748882749.903185844 -3.281581 -4.795045 1.407310 0.343656 0.628866 0.601953 0.352250
1748882750.103814840 -3.353577 -4.755071 1.410814 0.329537 0.639275 0.603399 0.344444
1748882750.304572821 -3.432048 -4.744369 1.416756 0.317998 0.642344 0.602465 0.351152
1748882750.505326033 -3.514579 -4.751537 1.418120 0.311726 0.640306 0.598971 0.366155
1748882750.705825090 -3.597732 -4.773079 1.414172 0.304516 0.640797 0.592127 0.382145
1748882750.906703949 -3.682353 -4.797924 1.406537 0.300207 0.643825 0.584156 0.392591
1748882751.107341051 -3.764657 -4.833418 1.394023 0.302722 0.639445 0.586635 0.394118
1748882751.308133841 -3.839443 -4.872993 1.373092 0.307070 0.632715 0.592031 0.393547
1748882751.508842945 -3.922129 -4.898908 1.340333 0.318493 0.627287 0.597399 0.384951
1748882751.709342957 -3.998820 -4.904375 1.307152 0.332842 0.623535 0.602130 0.371295
1748882751.910246849 -4.065367 -4.888277 1.273918 0.340422 0.623613 0.603501 0.361948
1748882752.110871077 -4.123145 -4.863847 1.246527 0.345908 0.623816 0.603095 0.357039
1748882752.311655998 -4.175457 -4.835611 1.224989 0.360461 0.618192 0.604726 0.349591
1748882752.512261868 -4.224595 -4.791072 1.207731 0.377778 0.613258 0.603378 0.342248
1748882752.713030815 -4.269620 -4.738422 1.204495 0.378743 0.616771 0.599915 0.340953
1748882752.913930893 -4.314576 -4.682435 1.197656 0.369562 0.619791 0.595265 0.353472
1748882753.114330769 -4.349335 -4.623099 1.184771 0.368717 0.616822 0.597016 0.356580
1748882753.315598011 -4.369539 -4.560058 1.176897 0.371395 0.612724 0.600578 0.354882
1748882753.515893936 -4.378652 -4.494427 1.175029 0.376314 0.606477 0.597657 0.365212
1748882753.716557026 -4.377616 -4.427430 1.174157 0.383490 0.598782 0.590046 0.382415
1748882753.917283058 -4.368120 -4.358996 1.174867 0.397467 0.588823 0.576261 0.404019
1748882754.117936850 -4.355196 -4.269067 1.175001 0.405515 0.585377 0.556524 0.427985
1748882754.318668127 -4.370117 -4.184608 1.184195 0.387876 0.596762 0.556791 0.428265
1748882754.519177914 -4.415664 -4.126825 1.196429 0.351694 0.612182 0.559910 0.433642
1748882754.720044136 -4.471137 -4.088275 1.182253 0.311798 0.626319 0.568824 0.432372
1748882754.920688868 -4.528024 -4.064793 1.158706 0.287336 0.634217 0.588348 0.411161
1748882755.121448994 -4.589439 -4.044195 1.126239 0.266607 0.642800 0.611898 0.375912
1748882755.322237968 -4.649240 -4.008872 1.084794 0.267480 0.648583 0.622338 0.347117
1748882755.556457043 -4.713900 -3.969742 1.031388 0.286009 0.654647 0.619459 0.325434
1748882755.756948948 -4.758448 -3.935280 0.994975 0.315741 0.654633 0.606152 0.323020
1748882755.957695007 -4.791076 -3.926631 0.960918 0.356527 0.643923 0.586337 0.338320
1748882756.158341169 -4.812851 -3.899282 0.953470 0.400892 0.620214 0.568141 0.363091
1748882756.359115124 -4.827812 -3.857322 0.955464 0.430141 0.592372 0.555266 0.394658
1748882756.559839010 -4.834214 -3.789347 0.967445 0.435977 0.574476 0.553311 0.416832
1748882756.760349989 -4.858782 -3.718237 0.975994 0.424624 0.568846 0.561785 0.424861
1748882756.994607210 -4.904627 -3.635822 0.980968 0.408013 0.572638 0.568351 0.427303
1748882757.195466995 -4.960748 -3.573273 0.986281 0.392820 0.578517 0.573343 0.426952
1748882757.396113873 -5.033821 -3.517650 0.988091 0.373144 0.583607 0.580582 0.427892
1748882757.596606016 -5.112819 -3.467686 0.979396 0.354306 0.586233 0.585746 0.433244
1748882757.797492981 -5.191146 -3.424897 0.964541 0.344706 0.586067 0.588632 0.437283
1748882757.998148203 -5.265837 -3.385165 0.945359 0.340597 0.585232 0.589537 0.440389
1748882758.198886871 -5.329579 -3.336992 0.911644 0.345594 0.584148 0.582372 0.447413
1748882758.399516821 -5.383214 -3.301391 0.859550 0.367239 0.580336 0.564133 0.458367
1748882758.600263834 -5.426396 -3.269855 0.815185 0.403497 0.573707 0.536300 0.469502
1748882758.834294081 -5.482603 -3.258684 0.752388 0.445805 0.558116 0.513958 0.474985
1748882759.035149097 -5.528610 -3.256600 0.720202 0.504225 0.521680 0.490589 0.482628
1748882759.235778093 -5.553370 -3.216568 0.716928 0.542005 0.488627 0.465928 0.500385
1748882759.436630011 -5.568847 -3.165233 0.720415 0.548689 0.478472 0.451062 0.516283
1748882759.637293100 -5.581797 -3.115333 0.720318 0.551349 0.469694 0.439121 0.531578
1748882759.837791920 -5.577412 -3.052791 0.725429 0.551516 0.465148 0.431461 0.541580
1748882760.038682222 -5.563111 -2.987024 0.727859 0.551164 0.465435 0.429140 0.543531
1748882760.239308119 -5.545838 -2.921444 0.733098 0.548985 0.470076 0.429139 0.541741
1748882760.440060854 -5.529981 -2.858539 0.738793 0.545526 0.473132 0.433267 0.539284
1748882760.640647888 -5.507336 -2.792421 0.746223 0.542890 0.474095 0.437458 0.537712
1748882760.841453075 -5.476570 -2.720715 0.752882 0.540098 0.475456 0.441553 0.535973
1748882761.042199135 -5.442517 -2.647829 0.760297 0.538308 0.478862 0.441952 0.534411
1748882761.242689133 -5.408256 -2.574796 0.769361 0.534644 0.484845 0.441459 0.533098
1748882761.443594933 -5.375962 -2.503469 0.777319 0.529788 0.489142 0.442121 0.533474
1748882761.644216061 -5.343398 -2.432197 0.785918 0.525774 0.490040 0.442980 0.535902
1748882761.844959974 -5.307632 -2.359696 0.793621 0.522826 0.489043 0.444611 0.538341
1748882762.045716047 -5.271286 -2.287530 0.802928 0.520380 0.488049 0.446633 0.539937
1748882762.246235847 -5.236160 -2.215923 0.809503 0.518551 0.485800 0.449133 0.541648
1748882762.447141886 -5.203902 -2.144051 0.822416 0.516797 0.485819 0.451742 0.541138
1748882762.647732973 -5.196229 -2.063281 0.839085 0.505406 0.499198 0.461919 0.531033
1748882762.881882906 -5.219182 -1.961298 0.840855 0.487017 0.516467 0.477224 0.518009
1748882763.082628012 -5.260953 -1.880817 0.841345 0.476298 0.525333 0.484606 0.512175
1748882763.283392906 -5.314040 -1.808521 0.840839 0.473573 0.524579 0.488946 0.511349
1748882763.483873129 -5.374652 -1.740873 0.843395 0.471568 0.521194 0.491062 0.514624
1748882763.684751987 -5.441128 -1.678463 0.842172 0.466441 0.517989 0.494055 0.519644
1748882763.885390043 -5.513108 -1.616796 0.830863 0.450137 0.518066 0.499010 0.529125
1748882764.086174011 -5.582499 -1.562004 0.831039 0.447265 0.517163 0.496209 0.535045
1748882764.286942959 -5.652832 -1.510333 0.819957 0.458898 0.511708 0.487249 0.538662
1748882764.487411976 -5.719819 -1.458021 0.805128 0.478190 0.503850 0.474937 0.540281
1748882764.688316822 -5.778821 -1.405850 0.782513 0.499474 0.490842 0.460239 0.545693
1748882764.922475100 -5.842487 -1.339662 0.771753 0.517872 0.483459 0.445031 0.547744
1748882765.123045921 -5.893144 -1.277351 0.765852 0.529588 0.482300 0.436874 0.544119
1748882765.323808908 -5.939936 -1.208955 0.754352 0.535763 0.485057 0.436821 0.535598
1748882765.557819843 -5.994075 -1.117384 0.750585 0.538094 0.489879 0.439498 0.526607
1748882765.758676052 -6.042802 -1.037730 0.755624 0.539158 0.493649 0.439906 0.521634
1748882765.959319115 -6.090035 -0.959903 0.762245 0.540198 0.493897 0.439915 0.520314
1748882766.160058975 -6.135133 -0.887456 0.782463 0.545229 0.488936 0.434383 0.524384
1748882766.360820055 -6.175097 -0.820943 0.781528 0.546115 0.483092 0.432734 0.530209
1748882766.561380148 -6.210303 -0.758581 0.771972 0.540722 0.480413 0.436882 0.534749
1748882766.795601845 -6.248951 -0.672932 0.770327 0.524860 0.484331 0.453741 0.532977
1748882766.996361971 -6.281259 -0.598581 0.786178 0.514577 0.489332 0.462851 0.530597
1748882767.196986198 -6.313991 -0.523237 0.795000 0.505058 0.491571 0.469320 0.531990
1748882767.431216955 -6.349731 -0.435270 0.825575 0.507648 0.488842 0.464150 0.536554
1748882767.631693125 -6.382845 -0.363049 0.826497 0.516031 0.484374 0.454137 0.541159
1748882767.832643986 -6.419979 -0.292939 0.803513 0.518819 0.485608 0.447636 0.542801
1748882768.033337116 -6.454982 -0.208265 0.855276 0.528968 0.484963 0.432694 0.545692
1748882768.233945131 -6.497559 -0.143988 0.823039 0.534468 0.474366 0.422689 0.557364
1748882768.434550047 -6.537227 -0.076150 0.809806 0.539762 0.468773 0.415182 0.562612
1748882768.635237217 -6.574623 -0.007724 0.800149 0.541401 0.468376 0.417050 0.559981
1748882768.836189985 -6.601545 0.065062 0.804153 0.544823 0.465869 0.417197 0.558642
1748882769.036815882 -6.632628 0.127565 0.796218 0.542677 0.465872 0.424741 0.555032
1748882769.237550020 -6.658242 0.204971 0.801063 0.539424 0.470593 0.432582 0.548121
1748882769.438175917 -6.689065 0.282492 0.804013 0.536708 0.472607 0.436977 0.545562
1748882769.639005899 -6.721544 0.358228 0.795119 0.536963 0.469595 0.435547 0.549045
1748882769.839659929 -6.744484 0.433614 0.800415 0.531250 0.478799 0.432684 0.548917
1748882770.040149927 -6.769442 0.482400 0.802864 0.519140 0.494004 0.426270 0.552040
1748882770.241034031 -6.790359 0.519672 0.869564 0.494099 0.517373 0.434533 0.547149
1748882770.441683054 -6.809957 0.546330 0.842525 0.473280 0.522840 0.450380 0.547542
1748882770.642532110 -6.818317 0.583784 0.826864 0.466878 0.519986 0.461791 0.546249
1748882770.843057871 -6.830346 0.613654 0.792326 0.464896 0.514275 0.469186 0.547044
1748882771.043817043 -6.841009 0.644181 0.747138 0.469281 0.504708 0.469829 0.551639
1748882771.244549990 -6.827165 0.697532 0.656288 0.485516 0.487678 0.459827 0.561251
1748882771.445063829 -6.798903 0.792696 0.500455 0.522639 0.465439 0.426344 0.573102
1748882771.649825096 -6.854460 0.751510 0.527016 0.569032 0.448594 0.368465 0.582408
1748882771.880066156 -6.938517 0.650968 0.638453 0.588028 0.453514 0.339296 0.577431
1748882772.080828905 -6.969294 0.631176 0.654290 0.594919 0.450492 0.333506 0.576109
1748882772.281328917 -6.995345 0.627760 0.621778 0.600369 0.436908 0.336133 0.579382
1748882772.482224226 -7.025282 0.620633 0.660191 0.607645 0.424351 0.339565 0.579128
1748882772.682857990 -7.056648 0.608914 0.675574 0.601038 0.420800 0.359353 0.576668
1748882772.883589029 -7.078437 0.602662 0.679367 0.587542 0.419946 0.386000 0.573972
1748882773.084221840 -7.082336 0.626998 0.696846 0.570719 0.423816 0.409226 0.572008
1748882773.284976959 -7.084711 0.667346 0.702795 0.552154 0.430052 0.426976 0.572602
1748882773.485727072 -7.083614 0.702664 0.672894 0.536746 0.432145 0.438314 0.577093
1748882773.686247826 -7.079608 0.723384 0.653702 0.531042 0.433788 0.440494 0.579472
1748882773.887129068 -7.072537 0.745184 0.627911 0.534442 0.431142 0.435852 0.581826
1748882774.087740898 -7.061709 0.765936 0.583351 0.545175 0.420964 0.426010 0.586591
1748882774.322063923 -7.053106 0.781959 0.549123 0.563015 0.405220 0.408374 0.593330
1748882774.522437811 -7.030916 0.820350 0.502168 0.580614 0.383779 0.388880 0.603634
1748882774.723416090 -7.009147 0.842009 0.426470 0.601902 0.350439 0.364289 0.618223
1748882774.924046040 -7.028502 0.776313 0.445783 0.620852 0.328014 0.345395 0.622618
1748882775.124805212 -7.003084 0.774403 0.449414 0.642442 0.296311 0.331092 0.624377
1748882775.325398922 -6.975199 0.754316 0.562496 0.662684 0.283925 0.319573 0.614907
1748882775.526175976 -6.912871 0.779069 0.633948 0.673658 0.286465 0.322304 0.600202
1748882775.726927757 -6.865084 0.818822 0.645461 0.670941 0.299006 0.329820 0.593003
1748882775.927433014 -6.812733 0.874841 0.658000 0.661777 0.313928 0.336557 0.591803
1748882776.128343105 -6.776549 0.929689 0.658988 0.648490 0.326253 0.344788 0.595097
1748882776.328989983 -6.739655 0.991917 0.664538 0.636551 0.330842 0.351475 0.601508
1748882776.529719114 -6.690834 1.071758 0.677144 0.630380 0.331075 0.352020 0.607530
1748882776.730485916 -6.649069 1.150582 0.688141 0.624497 0.332162 0.351601 0.613228
1748882776.930953026 -6.604786 1.234970 0.692958 0.622841 0.329788 0.346427 0.619110
1748882777.131819963 -6.563079 1.317457 0.698720 0.627884 0.327218 0.336454 0.620878
1748882777.332459927 -6.531096 1.393642 0.725030 0.634274 0.329309 0.327158 0.618239
1748882777.533209085 -6.522458 1.468345 0.748616 0.635230 0.336295 0.325079 0.614583
1748882777.733938932 -6.522749 1.555920 0.791057 0.630446 0.349362 0.328844 0.610202
1748882777.934609890 -6.532188 1.655567 0.786621 0.621101 0.362681 0.336342 0.607923
1748882778.135324955 -6.548835 1.756394 0.749196 0.615850 0.366883 0.339865 0.608783
1748882778.335845947 -6.584478 1.841382 0.734919 0.616968 0.363357 0.337626 0.611008
1748882778.536723852 -6.616696 1.928530 0.745248 0.617621 0.358755 0.335224 0.614381
1748882778.737367153 -6.645787 2.015935 0.732638 0.615907 0.351949 0.332512 0.621471
1748882778.938112974 -6.677450 2.092994 0.699797 0.616818 0.336533 0.325746 0.632590
1748882779.138853788 -6.693977 2.176046 0.726323 0.618804 0.324434 0.315484 0.642101
1748882779.339498997 -6.697799 2.257633 0.728054 0.619148 0.311864 0.304498 0.653205
1748882779.540236950 -6.695289 2.335331 0.727518 0.624888 0.297318 0.289524 0.661282
1748882779.774382114 -6.693263 2.421487 0.736777 0.635773 0.280349 0.272129 0.665690
1748882779.975040913 -6.683139 2.480149 0.723907 0.642613 0.262326 0.263311 0.670000
1748882780.175764084 -6.650321 2.527703 0.719185 0.653539 0.238850 0.245539 0.674943
1748882780.376502991 -6.594472 2.571888 0.741716 0.664988 0.221568 0.226355 0.676360
1748882780.578850985 -6.530648 2.608203 0.759419 0.676961 0.207900 0.210616 0.673901
1748882780.811274052 -6.466446 2.634882 0.763942 0.688719 0.196159 0.199721 0.668805
1748882781.012037039 -6.407030 2.662717 0.796144 0.698462 0.187632 0.181790 0.666256
1748882781.212783098 -6.344440 2.699849 0.824096 0.704058 0.187598 0.175306 0.662101
1748882781.413398027 -6.296579 2.733946 0.820838 0.707445 0.184713 0.170949 0.660438
1748882781.614213228 -6.246948 2.767000 0.837709 0.707388 0.181969 0.166042 0.662510
1748882781.814667940 -6.180082 2.799828 0.879650 0.705689 0.184888 0.165456 0.663659
1748882782.015565157 -6.101688 2.836180 0.891403 0.701687 0.189551 0.170523 0.665303
1748882782.216185093 -6.035921 2.870191 0.898946 0.696300 0.192798 0.175239 0.668795
1748882782.416949034 -5.960160 2.905949 0.909665 0.691901 0.194093 0.179067 0.671964
1748882782.617716074 -5.883579 2.943160 0.919177 0.687382 0.194301 0.182819 0.675523
1748882782.818272114 -5.805641 2.979064 0.929907 0.684869 0.193894 0.185326 0.677506
1748882783.019152880 -5.726242 3.016977 0.939683 0.683642 0.192270 0.185753 0.679089
1748882783.219856977 -5.650247 3.055041 0.954834 0.684610 0.191474 0.184070 0.678797
1748882783.420463085 -5.573730 3.096751 0.970113 0.686816 0.193172 0.181278 0.676836
1748882783.621139050 -5.507514 3.155488 0.996030 0.687936 0.200436 0.183057 0.673097
1748882783.821870089 -5.451686 3.226903 0.995897 0.687144 0.207390 0.188348 0.670334
1748882784.022753000 -5.408704 3.302128 1.004292 0.686875 0.210887 0.189566 0.669174
1748882784.223490000 -5.366574 3.380967 1.015622 0.685854 0.210794 0.188934 0.670428
1748882784.423989058 -5.328652 3.462753 1.027642 0.683900 0.213424 0.190637 0.671110
1748882784.624640942 -5.290998 3.541676 1.037260 0.680307 0.215633 0.192453 0.673533
1748882784.825379133 -5.257468 3.621727 1.049050 0.677061 0.216248 0.193256 0.676371
1748882785.059428215 -5.218845 3.714213 1.062174 0.672655 0.218205 0.194256 0.679843
1748882785.260342121 -5.185335 3.787768 1.072408 0.668479 0.217733 0.196525 0.683451
1748882785.460874081 -5.150467 3.859819 1.079460 0.667276 0.215252 0.196802 0.685331
1748882785.661636114 -5.114913 3.935110 1.084334 0.668151 0.212099 0.195732 0.685767
1748882785.862268925 -5.076877 4.007961 1.090672 0.669050 0.213050 0.194291 0.685006
1748882786.063019037 -5.041021 4.083758 1.097272 0.670395 0.212997 0.190091 0.684885
1748882786.263770819 -5.007518 4.163322 1.098127 0.670147 0.213435 0.183844 0.686695
1748882786.464249134 -4.974360 4.243380 1.087988 0.668346 0.215772 0.174790 0.690076
1748882786.665389061 -4.939680 4.315474 1.070326 0.669184 0.216632 0.168709 0.690507
1748882786.865771055 -4.906161 4.382949 1.049073 0.674515 0.215720 0.162434 0.687102
1748882787.066538095 -4.877162 4.449246 1.027080 0.681200 0.211318 0.155684 0.683428
1748882787.267952204 -4.847879 4.512468 1.000530 0.687778 0.204671 0.149452 0.680247
1748882787.501426935 -4.809077 4.564942 0.967813 0.697817 0.193758 0.140071 0.675196
1748882787.702090979 -4.777293 4.616620 0.930004 0.709077 0.181585 0.130144 0.668804
1748882787.902838945 -4.741008 4.679419 0.891704 0.718886 0.170530 0.124077 0.662365
1748882788.103453875 -4.703696 4.739606 0.857995 0.723404 0.162493 0.121605 0.659920
1748882788.304197073 -4.664700 4.790936 0.830750 0.723260 0.153989 0.120561 0.662305
1748882788.504945993 -4.623238 4.834679 0.799046 0.723221 0.143090 0.117240 0.665381
1748882788.705482960 -4.581706 4.885667 0.772204 0.725284 0.126581 0.119292 0.666115
1748882788.906336069 -4.530677 4.922477 0.747981 0.727676 0.113344 0.125004 0.664842
1748882789.107077122 -4.474193 4.958130 0.733496 0.730439 0.108394 0.124232 0.662779
1748882789.307724953 -4.417191 4.999355 0.739007 0.732312 0.108019 0.116160 0.662237
1748882789.508476973 -4.361127 5.032520 0.748981 0.732021 0.102793 0.105293 0.665201
1748882789.709104061 -4.303360 5.074216 0.761920 0.731093 0.093074 0.091038 0.669741
1748882789.909773111 -4.248447 5.109132 0.782108 0.729555 0.079894 0.074353 0.675158
1748882790.110363960 -4.185076 5.171359 0.770483 0.722849 0.069721 0.058001 0.685029
1748882790.311293840 -4.121325 5.213677 0.777373 0.716338 0.067027 0.050712 0.692673
1748882790.511962891 -4.055192 5.260859 0.787413 0.710252 0.065165 0.048026 0.699278
1748882790.712643147 -3.991615 5.293761 0.798246 0.705275 0.064216 0.048574 0.704347
1748882790.913435936 -3.928358 5.321063 0.811327 0.704253 0.060919 0.046860 0.705777
1748882791.113934040 -3.860475 5.355466 0.812753 0.704728 0.056507 0.044883 0.705798
1748882791.314785957 -3.787283 5.395048 0.811398 0.703706 0.055708 0.045748 0.706825
1748882791.515390873 -3.714404 5.445427 0.806406 0.699602 0.060813 0.046771 0.710402
1748882791.716166973 -3.642928 5.491973 0.795345 0.697089 0.069503 0.047851 0.712002
1748882791.916787863 -3.575281 5.547749 0.783284 0.698234 0.077053 0.046110 0.710216
1748882792.117568016 -3.507781 5.607470 0.765303 0.700597 0.084836 0.042112 0.707243
1748882792.318307161 -3.444412 5.672373 0.754684 0.704552 0.091063 0.037759 0.702772
1748882792.518820047 -3.382489 5.742911 0.740704 0.707328 0.093500 0.036350 0.699731
1748882792.719751835 -3.326388 5.812117 0.733595 0.709956 0.091947 0.034758 0.697352
1748882792.920356035 -3.274342 5.884815 0.723101 0.712474 0.087391 0.034471 0.695382
1748882793.121078014 -3.221474 5.961829 0.712899 0.713571 0.081798 0.034188 0.694951
1748882793.321822882 -3.175938 6.033826 0.709231 0.714429 0.074523 0.034794 0.694858
1748882793.522350073 -3.133423 6.098923 0.705101 0.714358 0.057754 0.044430 0.695977
1748882793.723280907 -3.079418 6.161331 0.697070 0.716293 0.045378 0.046545 0.694766
1748882793.923833132 -3.016588 6.227603 0.688842 0.716984 0.048810 0.041903 0.694115
1748882794.124644041 -2.977440 6.278496 0.692962 0.713234 0.070818 0.040285 0.696174
1748882794.325214863 -2.975080 6.286179 0.721917 0.710105 0.082878 0.036881 0.698227
1748882794.526026011 -2.942973 6.320252 0.698250 0.710229 0.060156 0.013448 0.701267
1748882794.759972095 -2.868620 6.381827 0.683084 0.710463 0.047556 0.017674 0.701903
1748882794.960847855 -2.791325 6.418695 0.672800 0.707977 0.056506 0.029798 0.703340
1748882795.161468983 -2.747250 6.429948 0.675446 0.704627 0.073995 0.039482 0.704604
1748882795.362251043 -2.710990 6.442366 0.674515 0.700970 0.085806 0.041530 0.706791
1748882795.563081026 -2.677590 6.454225 0.674820 0.698090 0.093050 0.040191 0.708799
1748882795.763498068 -2.649652 6.463951 0.675054 0.696094 0.096092 0.039387 0.710400
1748882795.964430094 -2.627192 6.470008 0.673685 0.696008 0.094911 0.039821 0.710619
1748882796.165010929 -2.608246 6.477202 0.673009 0.698123 0.090431 0.041229 0.709046
1748882796.399178982 -2.588490 6.487508 0.672217 0.701126 0.084495 0.042603 0.706731
1748882796.599891901 -2.574394 6.497040 0.671131 0.702826 0.079793 0.043084 0.705559
1748882796.800642014 -2.566058 6.503417 0.670407 0.704480 0.074187 0.043114 0.704518
1748882797.001250029 -2.577104 6.491151 0.676004 0.708447 0.054080 0.033950 0.702870
1748882797.202039003 -2.553728 6.497041 0.674432 0.712043 0.022275 0.013434 0.701654
1748882797.402684927 -2.518650 6.487547 0.669801 0.711458 0.003450 0.007163 0.702684
1748882797.603399992 -2.468419 6.456679 0.658586 0.710485 -0.010186 0.005050 0.703621
1748882797.837472916 -2.412175 6.395121 0.653848 0.716553 -0.018449 0.009248 0.697227
1748882798.041207075 -2.341874 6.339923 0.636068 0.722350 -0.026294 0.008009 0.690982
1748882798.272449970 -2.257211 6.275508 0.624639 0.729494 -0.020548 -0.000608 0.683678
1748882798.473060131 -2.179788 6.222419 0.619637 0.732771 -0.016541 -0.004085 0.680261
1748882798.673818827 -2.110559 6.164896 0.615466 0.735649 -0.015367 -0.000253 0.677189
1748882798.874603033 -2.040649 6.108960 0.620048 0.736670 -0.023001 0.011080 0.675771
1748882799.108707190 -1.958712 6.044825 0.638849 0.734379 -0.026379 0.020027 0.677931
1748882799.309334040 -1.887306 5.994151 0.650330 0.729276 -0.020808 0.020239 0.683604
1748882799.510088921 -1.829252 5.936897 0.661617 0.723504 -0.013377 0.020065 0.689899
1748882799.710834980 -1.772139 5.880110 0.672143 0.719645 -0.006275 0.018496 0.694067
1748882799.911378860 -1.717563 5.821952 0.677518 0.717467 -0.001553 0.016259 0.696401
1748882800.112241983 -1.659583 5.769500 0.677755 0.716625 0.001378 0.015906 0.697276
1748882800.312872887 -1.563956 5.760961 0.658342 0.714846 0.013338 0.018716 0.698904
1748882800.513612986 -1.481802 5.766768 0.660747 0.712316 0.044996 0.026804 0.699902
1748882800.714234114 -1.417126 5.790342 0.678289 0.707043 0.079337 0.022209 0.702355
1748882800.915006876 -1.374949 5.821276 0.673335 0.703826 0.083688 0.038693 0.704364
1748882801.115749836 -1.319588 5.875664 0.670753 0.703794 0.071520 0.062978 0.703984
1748882801.349906921 -1.235223 5.969229 0.691888 0.703220 0.073167 0.072830 0.703437
1748882801.550496101 -1.188960 6.053805 0.684503 0.687637 0.091992 0.057783 0.717881
1748882801.751266956 -1.146129 6.125958 0.650359 0.679624 0.098301 0.052932 0.725014
1748882801.951997995 -1.115606 6.193480 0.597004 0.681491 0.099994 0.053646 0.722975
1748882802.152533054 -1.129368 6.255555 0.494930 0.689589 0.099335 0.056198 0.715151
1748882802.353429079 -1.110632 6.324684 0.441495 0.702665 0.092961 0.054367 0.703324
1748882802.554382086 -1.090648 6.390561 0.391822 0.715295 0.085221 0.049039 0.691871
1748882802.755087852 -1.080117 6.441441 0.341916 0.722389 0.084461 0.044024 0.684896
1748882802.955415010 -1.085206 6.476780 0.260940 0.724978 0.085593 0.038652 0.682339
1748882803.156167030 -1.090765 6.503821 0.185261 0.727239 0.084826 0.035444 0.680200
1748882803.356918097 -1.092814 6.526882 0.109023 0.727064 0.081997 0.034734 0.680770
1748882803.557441950 -1.097288 6.544324 0.017392 0.724095 0.077337 0.035878 0.684411
1748882803.758188963 -1.099928 6.557324 -0.067695 0.720136 0.072901 0.038099 0.688940
1748882803.958941936 -1.143045 6.540923 -0.073654 0.723225 0.055576 0.034989 0.687483
1748882804.159685850 -1.090214 6.552302 -0.078845 0.718069 0.021721 0.023758 0.695227
1748882804.360325813 -1.057170 6.520801 -0.090986 0.696911 -0.011009 0.018000 0.716848
1748882804.561085939 -1.044069 6.450584 -0.180496 0.672599 -0.028014 0.011920 0.739380
1748882804.761837006 -1.016053 6.365768 -0.254755 0.660619 -0.031837 -0.000557 0.750045
1748882804.962362051 -0.974425 6.272929 -0.314410 0.661417 -0.025772 -0.014616 0.749433
1748882805.163390875 -0.929796 6.196370 -0.341143 0.671656 -0.008785 -0.011092 0.740728
1748882805.363877058 -0.870323 6.144118 -0.402026 0.681608 0.006973 0.001455 0.731683
1748882805.564589977 -0.834440 6.109829 -0.367079 0.702909 0.021271 0.024978 0.710522
1748882805.765357971 -0.745520 6.117695 -0.296464 0.723381 0.016824 0.037340 0.689233
1748882805.965857983 -0.676084 6.120238 -0.241889 0.734735 0.010395 0.042151 0.676964
1748882806.166735888 -0.608282 6.125803 -0.207050 0.739168 0.008304 0.041578 0.672185
1748882806.367334843 -0.540180 6.135036 -0.168801 0.739122 0.009626 0.037299 0.672470
1748882806.568135977 -0.483873 6.137729 -0.129357 0.735737 0.011512 0.030843 0.676467
1748882806.768754005 -0.432112 6.124188 -0.108148 0.728301 0.005395 0.019445 0.684960
1748882806.969522953 -0.366400 6.085173 -0.123620 0.718853 0.000055 0.004399 0.695148
1748882807.170245886 -0.325640 6.019619 -0.136225 0.713478 -0.003972 -0.011797 0.700567
1748882807.370764017 -0.260314 5.938360 -0.154992 0.711203 -0.012022 -0.027611 0.702341
1748882807.571638107 -0.189505 5.857532 -0.163431 0.713520 -0.013986 -0.035948 0.699572
1748882807.772285938 -0.113109 5.784881 -0.155326 0.718318 -0.010043 -0.034403 0.694792
1748882807.973057032 0.002856 5.733207 -0.141092 0.723047 -0.002171 -0.027566 0.690245
1748882808.173787832 0.095624 5.709422 -0.120211 0.726767 0.022040 -0.010408 0.686451
1748882808.374317169 0.169026 5.726736 -0.083296 0.729044 0.046921 0.006795 0.682822
1748882808.575173855 0.238741 5.771969 -0.047628 0.727103 0.068599 0.015401 0.682919
1748882808.775801182 0.279988 5.837635 0.031522 0.722846 0.078390 0.019782 0.686263
1748882808.976549864 0.280609 5.912839 0.118304 0.715885 0.070563 0.017255 0.694429
1748882809.177244902 0.262944 5.995536 0.142715 0.705121 0.051304 0.002457 0.707225
1748882809.377935886 0.120398 6.161491 -0.184446 0.672406 0.032642 -0.013242 0.739344
1748882809.578697920 0.241083 6.136416 0.090873 0.682846 -0.026427 -0.045975 0.728635
1748882809.779273033 0.308699 6.178148 0.035640 0.676044 -0.064429 -0.075022 0.730195
1748882809.980084896 0.408356 6.187264 0.008391 0.674059 -0.090139 -0.097607 0.726631
1748882810.180705070 0.481018 6.168939 0.010107 0.676912 -0.097576 -0.106771 0.721713
1748882810.381465197 0.523048 6.124176 -0.005769 0.679859 -0.103269 -0.111661 0.717398
1748882810.582221985 0.572919 6.061920 -0.017927 0.687920 -0.112809 -0.113735 0.707888
1748882810.782845020 0.641655 5.998134 0.013270 0.698489 -0.120984 -0.110174 0.696662
1748882810.983606100 0.702460 5.931653 0.043870 0.705626 -0.125432 -0.108368 0.688923
1748882811.184101820 0.752054 5.864706 0.070924 0.709281 -0.125866 -0.107852 0.685161
1748882811.385221004 0.794456 5.793939 0.090443 0.710659 -0.125027 -0.109944 0.683553
1748882811.585608959 0.843740 5.727306 0.116760 0.713392 -0.118541 -0.108475 0.682095
1748882811.786366940 0.887952 5.671723 0.141799 0.716656 -0.107990 -0.102418 0.681361
1748882811.987131834 0.936245 5.623532 0.157561 0.720032 -0.094705 -0.091076 0.681388
1748882812.187641144 0.980133 5.601163 0.150290 0.723111 -0.082090 -0.081872 0.680932
1748882812.388550997 1.030409 5.589427 0.131568 0.722971 -0.076664 -0.079239 0.682024
1748882812.589407921 1.093966 5.579901 0.133418 0.722606 -0.077196 -0.079250 0.682349
1748882812.789894819 1.162164 5.573532 0.133710 0.719326 -0.080090 -0.081063 0.685262
1748882813.024013042 1.246200 5.567456 0.138518 0.712335 -0.086628 -0.088553 0.690821
1748882813.224794865 1.315028 5.564247 0.138443 0.705212 -0.092550 -0.100417 0.695721
1748882813.425327063 1.391931 5.553186 0.148050 0.699124 -0.102302 -0.117351 0.697846
1748882813.626163960 1.476941 5.534680 0.186345 0.696991 -0.108524 -0.127485 0.697261
1748882813.826822996 1.553705 5.523842 0.210898 0.696378 -0.110672 -0.128399 0.697369
1748882814.027578831 1.630877 5.510537 0.220214 0.695816 -0.112145 -0.125375 0.698244
1748882814.228336096 1.702516 5.504119 0.217022 0.698124 -0.113505 -0.120534 0.696571
1748882814.428879023 1.777582 5.498618 0.227970 0.700534 -0.116946 -0.119197 0.693807
1748882814.629716873 1.856059 5.493406 0.253128 0.702980 -0.117602 -0.118860 0.691275
1748882814.863837957 1.945511 5.488584 0.274129 0.703555 -0.117839 -0.119991 0.690454
1748882815.064432144 2.019152 5.488408 0.292280 0.703159 -0.115138 -0.119625 0.691376
1748882815.265179873 2.095651 5.483072 0.308838 0.700751 -0.113453 -0.120585 0.693928
1748882815.465996027 2.165289 5.481345 0.316585 0.697460 -0.112418 -0.120359 0.697442
1748882815.666475058 2.239848 5.471864 0.327607 0.694655 -0.111613 -0.121289 0.700204
1748882815.867333174 2.315165 5.459326 0.344614 0.693094 -0.110019 -0.121771 0.701918
1748882816.067966938 2.387033 5.462559 0.335335 0.690422 -0.104581 -0.127334 0.704391
1748882816.268727064 2.474464 5.450596 0.322402 0.690702 -0.099496 -0.143385 0.701764
1748882816.469482899 2.561086 5.453979 0.302906 0.693478 -0.087198 -0.152141 0.698812
1748882816.669975042 2.638480 5.476702 0.255981 0.696509 -0.080661 -0.151901 0.696631
1748882816.870863914 2.733094 5.483640 0.260060 0.701965 -0.076032 -0.142422 0.693672
1748882817.071480036 2.801880 5.516098 0.192947 0.702674 -0.069389 -0.128080 0.696441
1748882817.272244930 2.860660 5.551246 0.117421 0.704673 -0.068848 -0.116864 0.696448
1748882817.476011038 2.912535 5.592676 0.022114 0.707092 -0.071826 -0.110260 0.694770
1748882817.707062006 2.978050 5.639843 -0.065711 0.711373 -0.082646 -0.107748 0.689571
1748882817.907634974 3.039555 5.670453 -0.119091 0.716192 -0.092170 -0.107627 0.683367
1748882818.108510017 3.098922 5.702663 -0.161022 0.720943 -0.099302 -0.107337 0.677391
1748882818.309139967 3.147254 5.744848 -0.230693 0.723953 -0.102550 -0.106636 0.673799
1748882818.509891987 3.215293 5.771235 -0.191884 0.730503 -0.103117 -0.107263 0.666504
1748882818.710648060 3.236495 5.815251 -0.264161 0.726373 -0.080385 -0.114983 0.672829
1748882818.911184788 3.250942 5.845549 -0.384359 0.717830 -0.063713 -0.125763 0.681795
1748882819.112038851 3.255687 5.858079 -0.502927 0.711346 -0.057376 -0.132386 0.687872
1748882819.312677860 3.250561 5.870350 -0.592153 0.709034 -0.056566 -0.134181 0.689976
1748882819.513413191 3.241614 5.879942 -0.700518 0.706680 -0.058607 -0.134508 0.692153
1748882819.714091063 3.163386 5.899376 -0.975804 0.696453 -0.073065 -0.140638 0.699883
1748882819.914803028 3.172146 5.885976 -0.973807 0.693472 -0.120378 -0.166951 0.690459
1748882820.115578175 3.180653 5.878897 -0.869182 0.686322 -0.144658 -0.173904 0.691226
1748882820.316058874 3.187350 5.839462 -0.806075 0.662808 -0.153422 -0.171864 0.712468
1748882820.516940117 3.198077 5.768234 -0.797464 0.640706 -0.145983 -0.175080 0.733166
1748882820.717581987 3.204916 5.680357 -0.832378 0.627687 -0.137780 -0.187599 0.742854
1748882820.918339014 3.204722 5.571009 -0.862912 0.627513 -0.136848 -0.197836 0.740514
1748882821.119112968 3.199907 5.490103 -0.831344 0.644325 -0.135584 -0.199808 0.725630
1748882821.319711924 3.182561 5.431088 -0.850313 0.661091 -0.135306 -0.200812 0.710159
1748882821.553794146 3.162217 5.380275 -0.855395 0.677843 -0.141277 -0.198814 0.693573
1748882821.754736185 3.144299 5.349718 -0.842493 0.689874 -0.146939 -0.194986 0.681516
1748882821.955245972 3.127833 5.326784 -0.788906 0.702869 -0.146976 -0.185822 0.670704
1748882822.156001091 3.113053 5.293322 -0.789799 0.710659 -0.143541 -0.172933 0.666674
1748882822.356732845 3.101991 5.263897 -0.788427 0.715910 -0.142344 -0.163243 0.663749
1748882822.557363033 3.098568 5.241130 -0.761671 0.719894 -0.139655 -0.153744 0.662278
1748882822.758125067 3.107871 5.215249 -0.717892 0.721461 -0.127773 -0.139557 0.666102
1748882822.958751917 3.137111 5.161181 -0.685002 0.718955 -0.104652 -0.119258 0.676704
1748882823.159503937 3.092500 5.151170 -0.805529 0.704874 -0.084795 -0.103983 0.696527
1748882823.360143900 3.083916 5.082151 -0.837566 0.695505 -0.101720 -0.115441 0.701854
1748882823.560890913 3.087890 4.997384 -0.795916 0.692325 -0.120013 -0.122656 0.700884
1748882823.761634111 3.070305 4.913334 -0.802526 0.688581 -0.137549 -0.123184 0.701258
1748882823.962152004 3.058009 4.839541 -0.766704 0.689045 -0.158545 -0.120493 0.696822
1748882824.163038015 3.073116 4.763379 -0.699217 0.693909 -0.166329 -0.117245 0.690708
1748882824.363623857 3.100561 4.683868 -0.675076 0.697812 -0.159367 -0.119753 0.687982
1748882824.564429998 3.125506 4.599710 -0.704519 0.699933 -0.152866 -0.121426 0.687009
1748882824.765197992 3.152165 4.522392 -0.712872 0.702373 -0.154264 -0.120537 0.684358
1748882824.965669870 3.192732 4.449739 -0.712706 0.705688 -0.153816 -0.115536 0.681906
1748882825.166548014 3.233255 4.392828 -0.721354 0.707600 -0.149948 -0.111895 0.681394
1748882825.367201090 3.275085 4.338694 -0.739000 0.707874 -0.147114 -0.113347 0.681487
1748882825.567993164 3.328454 4.286316 -0.739961 0.708124 -0.145903 -0.118969 0.680529
1748882825.768553019 3.376742 4.238977 -0.750099 0.704507 -0.143778 -0.121358 0.684303
1748882825.969326019 3.428388 4.178000 -0.755188 0.698021 -0.148018 -0.126958 0.689013
1748882826.170092106 3.493086 4.104565 -0.739066 0.694287 -0.148756 -0.131135 0.691838
1748882826.370580912 3.557176 4.037942 -0.721682 0.694016 -0.146934 -0.130901 0.692544
1748882826.571450949 3.619230 3.984860 -0.698186 0.696628 -0.140015 -0.128132 0.691873
1748882826.772104979 3.683870 3.947790 -0.694405 0.699888 -0.130747 -0.123756 0.691192
1748882826.972821951 3.755653 3.911575 -0.702282 0.701026 -0.125849 -0.120959 0.691443
1748882827.173808813 3.824035 3.890329 -0.705640 0.703836 -0.120134 -0.123003 0.689241
1748882827.374155045 3.891761 3.857397 -0.709042 0.704737 -0.117468 -0.127361 0.687987
1748882827.574989080 3.949936 3.829838 -0.720635 0.700365 -0.120239 -0.124679 0.692449
1748882827.775604963 4.004321 3.805677 -0.728372 0.690957 -0.128417 -0.120886 0.701052
1748882827.976372004 4.061033 3.782684 -0.665159 0.691809 -0.119870 -0.129115 0.700258
1748882828.177052975 4.106459 3.745241 -0.668335 0.687122 -0.097272 -0.136056 0.707029
1748882828.377752066 4.123807 3.710821 -0.740766 0.675070 -0.095057 -0.149678 0.716129
1748882828.578519106 4.144824 3.660256 -0.729669 0.667899 -0.102120 -0.163565 0.718838
1748882828.779284000 4.159024 3.619162 -0.731791 0.663030 -0.108875 -0.174892 0.719688
1748882828.979927063 4.177062 3.583174 -0.725948 0.659900 -0.115819 -0.184372 0.719114
1748882829.180524111 4.191923 3.549120 -0.725568 0.658032 -0.123248 -0.190074 0.718106
1748882829.381175041 4.212580 3.508590 -0.700068 0.661717 -0.129912 -0.191678 0.713101
1748882829.581915855 4.239669 3.465873 -0.630564 0.676038 -0.115027 -0.171374 0.707370
1748882829.782669067 4.230503 3.418180 -0.697866 0.673282 -0.116814 -0.162406 0.711807
1748882829.983432055 4.221348 3.357063 -0.688756 0.675718 -0.130814 -0.158281 0.707983
1748882830.183846951 4.216240 3.255270 -0.675615 0.679550 -0.146703 -0.153162 0.702304
1748882830.384796858 4.213185 3.164649 -0.673610 0.686523 -0.163395 -0.147523 0.692983
1748882830.585445166 4.212800 3.083652 -0.670484 0.695255 -0.173204 -0.147865 0.681731
1748882830.786148071 4.220038 2.980499 -0.665938 0.706602 -0.171884 -0.157151 0.668186
1748882830.986953020 4.228098 2.879213 -0.676535 0.717460 -0.164994 -0.161696 0.657178
1748882831.187451839 4.232319 2.782948 -0.713199 0.722109 -0.168323 -0.158570 0.651982
1748882831.388324022 4.227713 2.707965 -0.712809 0.722022 -0.181567 -0.159492 0.648290
1748882831.588955879 4.223813 2.616336 -0.693333 0.714970 -0.191742 -0.162902 0.652315
1748882831.789706945 4.236593 2.518571 -0.679873 0.705790 -0.188000 -0.158423 0.664393
1748882831.990330219 4.266918 2.423138 -0.650772 0.698009 -0.172266 -0.148416 0.679029
1748882832.191119194 4.299742 2.335643 -0.678544 0.690100 -0.151506 -0.136923 0.694306
1748882832.391839981 4.340035 2.257254 -0.686579 0.690266 -0.131911 -0.127686 0.699878
1748882832.592357159 4.388878 2.196395 -0.683227 0.694485 -0.117983 -0.117811 0.699922
1748882832.793251991 4.447367 2.146498 -0.666877 0.701516 -0.114406 -0.110654 0.694653
1748882832.993878126 4.518836 2.110572 -0.649526 0.706919 -0.113921 -0.108587 0.689563
1748882833.194651842 4.599308 2.085523 -0.618909 0.707413 -0.116686 -0.106235 0.688959
1748882833.395354033 4.681214 2.055371 -0.605062 0.703608 -0.119027 -0.110919 0.691712
1748882833.595865011 4.745919 2.014635 -0.559334 0.699385 -0.122587 -0.121475 0.693597
1748882833.796741962 4.796101 1.971530 -0.530833 0.695312 -0.124304 -0.146458 0.692560
1748882833.997393847 4.830242 1.929666 -0.502886 0.692542 -0.131631 -0.166899 0.689350
1748882834.198156118 4.859564 1.890620 -0.503136 0.689199 -0.145179 -0.181639 0.686247
1748882834.398772955 4.900256 1.847994 -0.521996 0.685237 -0.157853 -0.180517 0.687711
1748882834.599659920 4.947501 1.804980 -0.518952 0.683789 -0.166409 -0.170550 0.689677
1748882834.833576918 4.992337 1.738773 -0.487786 0.678898 -0.184576 -0.164479 0.691358
1748882835.034412146 5.013326 1.662119 -0.479294 0.674954 -0.197488 -0.179776 0.687834
1748882835.235247135 5.020807 1.572309 -0.488406 0.673938 -0.205400 -0.199529 0.681034
1748882835.435786963 5.018976 1.475093 -0.492085 0.674449 -0.211804 -0.213526 0.674288
1748882835.636586905 5.017289 1.375139 -0.486790 0.676261 -0.218590 -0.222852 0.667253
1748882835.837074995 5.009511 1.273923 -0.483140 0.678002 -0.224575 -0.230436 0.660892
1748882836.037989140 5.015341 1.170443 -0.487690 0.678965 -0.227328 -0.233873 0.657748
1748882836.238480806 5.036525 1.066707 -0.499371 0.680249 -0.218791 -0.231039 0.660313
1748882836.439298153 5.050851 0.969226 -0.493717 0.682819 -0.201059 -0.220833 0.666758
1748882836.640004158 5.043841 0.877490 -0.449231 0.685681 -0.194152 -0.210953 0.669063
1748882836.840730906 5.059278 0.785306 -0.429877 0.680160 -0.196006 -0.217791 0.671960
1748882837.041471004 5.038826 0.687792 -0.430300 0.675212 -0.188488 -0.232493 0.674172
1748882837.241981983 4.983101 0.584021 -0.435102 0.679989 -0.182973 -0.241534 0.667680
1748882837.442850113 4.924987 0.484751 -0.461175 0.689326 -0.187877 -0.244503 0.655553
1748882837.643493176 4.896825 0.386980 -0.516447 0.699804 -0.196624 -0.246527 0.640966
1748882837.844244003 4.891291 0.293647 -0.583869 0.703836 -0.202282 -0.251459 0.632823
1748882838.044848919 4.892193 0.208963 -0.660975 0.700638 -0.204146 -0.257212 0.633461
1748882838.245623112 4.896212 0.138042 -0.714117 0.692425 -0.194882 -0.267263 0.641201
1748882838.446408987 4.842848 0.099016 -0.710697 0.680474 -0.194669 -0.273427 0.651380
1748882838.646871090 4.785917 0.091579 -0.779994 0.672250 -0.203715 -0.280324 0.654216
1748882838.847749233 4.771562 0.120048 -0.844262 0.680689 -0.204718 -0.280952 0.644840
1748882839.048387051 4.769374 0.166114 -0.929055 0.696565 -0.206451 -0.277788 0.628497
1748882839.249125004 4.803005 0.216995 -1.028613 0.711992 -0.205957 -0.263012 0.617635
1748882839.449887991 4.861450 0.285873 -1.094113 0.719030 -0.208768 -0.244545 0.616125
1748882839.650417805 4.899418 0.369791 -1.129524 0.717409 -0.209504 -0.238622 0.620075
1748882839.851275921 4.918924 0.447653 -1.186483 0.711277 -0.203214 -0.250283 0.624617
1748882840.051902056 4.914055 0.514097 -1.249674 0.708559 -0.187930 -0.260772 0.628191
1748882840.252651930 4.915092 0.565721 -1.292520 0.711885 -0.170331 -0.261490 0.629150
1748882840.453339815 4.927582 0.614542 -1.305624 0.707071 -0.162194 -0.250799 0.640971
1748882840.654036045 4.916225 0.661457 -1.288301 0.697172 -0.164046 -0.232660 0.657959
1748882840.854788065 4.930227 0.720538 -1.277357 0.679151 -0.180329 -0.220087 0.676607
1748882841.055301189 4.902190 0.776545 -1.283961 0.659411 -0.187352 -0.223311 0.692971
1748882841.256261110 4.849251 0.824950 -1.293356 0.649177 -0.187388 -0.230356 0.700279
1748882841.456806898 4.794738 0.870342 -1.311677 0.645407 -0.187398 -0.233551 0.702699
1748882841.657731056 4.731654 0.911543 -1.334706 0.642452 -0.196377 -0.224228 0.705984
1748882841.858342886 4.684499 0.942142 -1.391166 0.638112 -0.212744 -0.213651 0.708453
1748882842.058819056 4.655410 0.956161 -1.484014 0.637618 -0.222343 -0.211311 0.706650
1748882842.259716034 4.635389 0.955425 -1.595634 0.640868 -0.221502 -0.211825 0.703815
1748882842.460336924 4.625563 0.950606 -1.676612 0.650083 -0.206835 -0.216421 0.698408
1748882842.661076069 4.631556 0.957756 -1.742811 0.656471 -0.178904 -0.238314 0.692997
1748882842.861706018 4.598464 0.971673 -1.769383 0.657353 -0.157526 -0.261831 0.688851
1748882843.062479019 4.565731 0.989282 -1.795885 0.660178 -0.164087 -0.266692 0.682727
1748882843.263235092 4.541949 1.010431 -1.833944 0.661971 -0.179080 -0.263922 0.678285
1748882843.463703156 4.541596 1.048633 -1.854732 0.665535 -0.192088 -0.260970 0.672354
1748882843.664601088 4.538412 1.102737 -1.857141 0.669618 -0.203174 -0.260751 0.665087
1748882843.865241051 4.531749 1.168686 -1.850521 0.671452 -0.212712 -0.258393 0.661165
1748882844.065988064 4.520799 1.244667 -1.831171 0.671709 -0.219109 -0.253451 0.660727
1748882844.266618013 4.510375 1.328562 -1.807946 0.670604 -0.221314 -0.248710 0.662913
1748882844.467383146 4.485169 1.403180 -1.789393 0.668272 -0.218224 -0.240852 0.669165
1748882844.668154955 4.447107 1.462344 -1.776202 0.665598 -0.207187 -0.229900 0.679116
1748882844.868602991 4.386010 1.502470 -1.765344 0.659997 -0.195835 -0.222484 0.690329
1748882845.069535017 4.314555 1.524837 -1.771507 0.653763 -0.192034 -0.215140 0.699594
1748882845.270164013 4.234300 1.527713 -1.795040 0.650520 -0.195537 -0.203652 0.705064
1748882845.470908880 4.160359 1.516351 -1.834942 0.657761 -0.196688 -0.198506 0.699471
1748882845.671656847 4.092634 1.493712 -1.878207 0.668402 -0.201559 -0.195764 0.688687
1748882845.872159958 4.036441 1.461645 -1.921143 0.679799 -0.199234 -0.196502 0.677913
1748882846.073053837 3.987387 1.426094 -1.946192 0.687770 -0.184686 -0.210874 0.669624
1748882846.273674965 3.938192 1.399013 -1.949366 0.689881 -0.182985 -0.221875 0.664344
1748882846.474413157 3.881245 1.376177 -1.938919 0.688489 -0.189527 -0.225784 0.662634
1748882846.675060987 3.823050 1.365982 -1.913554 0.686392 -0.197123 -0.226001 0.662520
1748882846.875808954 3.762150 1.370867 -1.880615 0.684658 -0.204172 -0.227274 0.661743
1748882847.076572895 3.697758 1.402221 -1.840399 0.682264 -0.213128 -0.230491 0.660277
1748882847.280677795 3.643882 1.469664 -1.804754 0.672207 -0.229401 -0.243968 0.660298
1748882847.511327028 3.599805 1.575141 -1.778267 0.663225 -0.245138 -0.257017 0.658774
1748882847.712078094 3.575393 1.678860 -1.768144 0.660593 -0.254070 -0.264691 0.654984
1748882847.912722826 3.561962 1.784386 -1.773781 0.657603 -0.262569 -0.273783 0.650890
1748882848.113340855 3.555296 1.872293 -1.791225 0.657984 -0.257563 -0.270992 0.653668
1748882848.314200163 3.551965 1.946037 -1.815409 0.660913 -0.246118 -0.261413 0.659001
1748882848.514831781 3.553390 2.005824 -1.846977 0.660058 -0.233679 -0.235887 0.673851
1748882848.715591908 3.554824 2.047759 -1.893941 0.661626 -0.221852 -0.202377 0.687078
1748882848.916239023 3.550661 2.074125 -1.946290 0.670456 -0.210344 -0.181878 0.687869
1748882849.116980076 3.544828 2.101941 -1.990902 0.678758 -0.207477 -0.182893 0.680288
1748882849.317752123 3.535689 2.129438 -2.030088 0.687243 -0.206671 -0.192234 0.669351
1748882849.518260956 3.521225 2.153498 -2.062830 0.697105 -0.206197 -0.200873 0.656640
1748882849.719147921 3.499381 2.189174 -2.095547 0.702022 -0.206617 -0.209126 0.648645
1748882849.919760942 3.466744 2.219606 -2.139044 0.702511 -0.209789 -0.213812 0.645562
1748882850.120529890 3.430857 2.263566 -2.181097 0.696637 -0.219787 -0.219920 0.646549
1748882850.321290016 3.387133 2.259993 -2.267527 0.688412 -0.228250 -0.228821 0.649331
1748882850.521781921 3.357682 2.274369 -2.271236 0.685140 -0.233217 -0.224694 0.652461
1748882850.722661972 3.284688 2.239203 -2.372715 0.680256 -0.227000 -0.228055 0.658569
1748882850.923151970 3.232090 2.204705 -2.442553 0.677142 -0.224501 -0.224289 0.663907
1748882858.616955996 2.110264 2.712171 -1.976818 0.721718 -0.072746 -0.080634 0.683615
1748882858.817503929 2.121128 2.685324 -1.905793 0.718666 -0.074827 -0.079661 0.686713
1748882859.018388033 2.123058 2.673007 -1.777162 0.721408 -0.077152 -0.082655 0.683218
1748882859.218989134 2.112438 2.657182 -1.663105 0.716600 -0.060423 -0.076369 0.690653
1748882859.419716120 2.080658 2.617109 -1.602287 0.709140 -0.048835 -0.069139 0.699968
1748882859.620352983 2.033638 2.566459 -1.584418 0.706728 -0.044663 -0.059138 0.703593
1748882859.821102142 1.980996 2.534909 -1.585720 0.712477 -0.055744 -0.046201 0.697950
1748882860.022147179 1.979287 2.504494 -1.557248 0.731161 -0.115568 -0.073642 0.668300
1748882860.222386837 1.953398 2.453561 -1.489052 0.741355 -0.179857 -0.137265 0.631825
1748882860.423249960 1.969367 2.495361 -1.452932 0.721231 -0.229948 -0.213174 0.617662
1748882860.623885155 2.009957 2.555447 -1.593707 0.661160 -0.273079 -0.273324 0.643109
1748882860.858157158 1.973635 2.487569 -1.587214 0.605733 -0.311355 -0.335109 0.651036
1748882861.058768988 1.994572 2.505461 -1.524392 0.575162 -0.337381 -0.368662 0.647650
1748882861.259535074 2.042852 2.495953 -1.380331 0.588118 -0.319799 -0.363874 0.647643
1748882861.460048914 2.037695 2.399179 -1.369601 0.598372 -0.304916 -0.338284 0.659197
1748882861.660826206 2.041688 2.322489 -1.364470 0.625911 -0.294523 -0.306787 0.653738
1748882861.861521006 2.056786 2.256379 -1.365231 0.649474 -0.287298 -0.277960 0.646824
1748882862.062287807 2.071642 2.203272 -1.364952 0.664409 -0.278572 -0.265844 0.640534
1748882862.263106108 2.085769 2.158234 -1.368437 0.681721 -0.265436 -0.274209 0.624187
1748882862.463535070 2.093553 2.124248 -1.388423 0.700583 -0.258523 -0.289345 0.598856
1748882862.664454937 2.096875 2.117369 -1.399826 0.704351 -0.269214 -0.293724 0.587486
1748882862.898570061 2.097065 2.113929 -1.399051 0.693966 -0.282748 -0.296473 0.592088
1748882863.099301100 2.071157 2.088832 -1.399503 0.677431 -0.297062 -0.297095 0.603801
1748882863.299930811 2.036667 2.054452 -1.394718 0.658043 -0.310646 -0.294813 0.619326
1748882863.533970833 1.985191 2.002226 -1.399131 0.633653 -0.325070 -0.286391 0.640931
1748882863.734838009 1.933731 1.946233 -1.412175 0.613737 -0.352651 -0.271650 0.652051
1748882863.935834885 1.890967 1.870285 -1.444084 0.621670 -0.351722 -0.281003 0.640981
1748882864.136284828 1.855011 1.789503 -1.492980 0.635092 -0.344108 -0.295805 0.625097
1748882864.370214939 1.818972 1.690245 -1.558939 0.643758 -0.337313 -0.308668 0.613612
1748882864.571142912 1.794682 1.601458 -1.615883 0.645150 -0.335392 -0.313139 0.610932
1748882864.771706104 1.776727 1.510064 -1.668936 0.644177 -0.334338 -0.313457 0.612372
1748882864.972500086 1.764388 1.412996 -1.717146 0.645206 -0.329771 -0.310084 0.615474
1748882865.173228979 1.752094 1.325356 -1.757339 0.650830 -0.321184 -0.302073 0.618073
1748882865.373884916 1.750847 1.239180 -1.798410 0.658176 -0.313110 -0.293261 0.618679
1748882865.574615955 1.767225 1.165047 -1.827358 0.662554 -0.309845 -0.280317 0.621643
1748882865.775115967 1.766291 1.110266 -1.864773 0.659929 -0.307574 -0.268280 0.630808
1748882865.976017952 1.756730 1.074857 -1.904186 0.656358 -0.309882 -0.261600 0.636186
1748882866.176616907 1.751270 1.037570 -1.945508 0.654354 -0.311065 -0.259726 0.638437
1748882879.924822092 1.575078 -3.160834 -2.251362 0.080902 -0.695154 -0.713007 0.042867
1748882880.125448942 1.529943 -3.232981 -2.207449 0.087305 -0.696773 -0.710489 0.045724
1748882880.326195955 1.486803 -3.308489 -2.180174 0.092385 -0.694586 -0.711515 0.052544
1748882880.526828051 1.463672 -3.385544 -2.163820 0.097859 -0.690112 -0.714433 0.061276
1748882880.727592945 1.447055 -3.469587 -2.157112 0.097691 -0.689632 -0.714375 0.067319
1748882880.928602219 1.422156 -3.564893 -2.135612 0.092368 -0.693567 -0.711175 0.068282
1748882881.128843069 1.399441 -3.661790 -2.114943 0.091803 -0.696432 -0.708008 0.072662
1748882881.329722166 1.389708 -3.752641 -2.079214 0.092169 -0.702685 -0.701847 0.071752
1748882881.530351162 1.378939 -3.841274 -2.030996 0.091092 -0.706397 -0.698891 0.065244
1748882881.731126070 1.361106 -3.926662 -1.951869 0.087386 -0.705496 -0.700904 0.058081
1748882881.931864977 1.360729 -4.011276 -1.857553 0.084685 -0.702414 -0.704805 0.051883
1748882882.132502079 1.299632 -4.069240 -1.791086 0.074011 -0.698684 -0.710021 0.047262
1748882882.333318949 1.269145 -4.135219 -1.712741 0.067235 -0.695503 -0.714226 0.040446
1748882882.533758879 1.237400 -4.200029 -1.650474 0.061923 -0.692850 -0.717430 0.037677
1748882882.768023014 1.200735 -4.284039 -1.586638 0.058860 -0.684956 -0.724992 0.041920
1748882882.968772173 1.168545 -4.359544 -1.565643 0.060304 -0.670661 -0.737379 0.053380
1748882883.169531822 1.139482 -4.432552 -1.564597 0.072902 -0.659421 -0.744864 0.070898
1748882883.370049000 1.126131 -4.504656 -1.571527 0.087075 -0.658215 -0.743203 0.082587
1748882883.570896864 1.112824 -4.586511 -1.582317 0.092828 -0.668169 -0.733038 0.087113
1748882883.771639109 1.099204 -4.676214 -1.590719 0.094787 -0.682751 -0.718993 0.088972
1748882883.972293854 1.075963 -4.776044 -1.593134 0.095697 -0.700625 -0.701515 0.088563
1748882884.172919035 1.051483 -4.873841 -1.584623 0.097690 -0.720192 -0.680880 0.090452
1748882884.373669147 1.017840 -4.973013 -1.569411 0.097443 -0.739688 -0.660009 0.088058
1748882884.574409008 0.981354 -5.062722 -1.543995 0.098276 -0.752118 -0.646037 0.085425
1748882884.774918795 0.945315 -5.149939 -1.515758 0.098009 -0.756806 -0.641004 0.082174
1748882884.975823879 0.914863 -5.233847 -1.485284 0.092124 -0.755872 -0.643283 0.079733
1748882885.176405907 0.885865 -5.317185 -1.459388 0.079682 -0.751849 -0.649147 0.083559
1748882885.377206087 0.858838 -5.399691 -1.444210 0.070224 -0.746151 -0.655759 0.091146
1748882885.577957153 0.832878 -5.481101 -1.428481 0.069294 -0.740257 -0.661247 0.099852
1748882885.778474092 0.812549 -5.565664 -1.414888 0.074961 -0.733379 -0.667027 0.107754
1748882885.979341030 0.799043 -5.655704 -1.399838 0.083425 -0.726287 -0.672991 0.112386
1748882886.179941177 0.786285 -5.751759 -1.382204 0.092719 -0.718756 -0.679398 0.114939
1748882886.380714893 0.781365 -5.852067 -1.366425 0.101709 -0.711033 -0.686365 0.113980
1748882886.581411123 0.787094 -5.961793 -1.344192 0.106928 -0.706272 -0.691803 0.105616
1748882886.782124996 0.802949 -6.074577 -1.315931 0.108566 -0.701694 -0.698324 0.090453
1748882886.982861996 0.827215 -6.181439 -1.302621 0.098961 -0.702431 -0.701824 0.065120
1748882887.183336973 0.849794 -6.290471 -1.277483 0.071897 -0.712231 -0.697726 0.027136
1748882887.384240866 0.851620 -6.402590 -1.270415 -0.040747 0.715360 0.697530 0.007173
1748882887.584879160 0.835215 -6.512083 -1.298934 -0.023849 0.711867 0.701621 0.020121
1748882887.785620928 0.811406 -6.615164 -1.315051 -0.016684 0.711001 0.702792 0.016810
1748882887.986377001 0.784543 -6.712136 -1.326372 -0.013572 0.711827 0.702205 0.005184
1748882888.186922073 0.753370 -6.802092 -1.340581 0.013882 -0.715430 -0.698453 0.011411
1748882888.387761831 0.728905 -6.891481 -1.355729 0.015775 -0.723017 -0.690118 0.027101
1748882888.621910095 0.709937 -6.997519 -1.342402 0.017560 -0.735182 -0.676544 0.038558
1748882888.822598934 0.696501 -7.096900 -1.298820 0.019311 -0.744043 -0.666524 0.042106
1748882889.023280144 0.668446 -7.204819 -1.252268 0.024714 -0.745906 -0.664510 0.037954
1748882889.224064112 0.631856 -7.313052 -1.210119 0.042922 -0.739986 -0.670706 0.027054
1748882889.424552917 0.620722 -7.416297 -1.162282 0.060908 -0.727705 -0.682803 0.022699
1748882889.625648975 0.613867 -7.513792 -1.131831 0.063629 -0.716017 -0.694887 0.020063
1748882889.826056004 0.616938 -7.603378 -1.095677 0.053816 -0.709401 -0.702642 0.012177
1748882890.026803970 0.609647 -7.697149 -1.055105 -0.038189 0.706347 0.706834 0.001273
1748882890.227578163 0.578442 -7.800907 -1.013559 -0.031398 0.699065 0.714354 0.004442
1748882890.428047180 0.565250 -7.889061 -0.971218 -0.025072 0.694613 0.718906 0.007619
1748882890.628951073 0.550305 -7.978545 -0.924631 -0.020584 0.691653 0.721916 0.005458
1748882890.829463005 0.524906 -8.072223 -0.893662 -0.018317 0.688146 0.725332 0.003628
1748882891.030333042 0.526059 -8.122081 -0.857098 0.028648 -0.689755 -0.723469 0.003198
1748882891.230952024 0.532854 -8.155656 -0.796776 0.035230 -0.699363 -0.713765 0.013798
1748882891.431904078 0.553041 -8.181861 -0.695497 0.035620 -0.709748 -0.703218 0.021769
1748882891.632474899 0.562136 -8.222728 -0.586632 0.026554 -0.712158 -0.701284 0.018049
1748882891.832974195 0.557322 -8.253702 -0.491148 0.025883 -0.707644 -0.705868 0.017914
