1.748882712003945112e+09 6.823963870686521105e+00 -3.307195967823932659e+00 1.510367483567853775e-01 4.935228024344626152e-01 -5.284757168144789130e-01 -4.836346310221119604e-01 4.931999633929045612e-01
1.748882722708140135e+09 3.127504735185397955e+00 -4.924629800655837997e+00 6.757656285421141940e-01 2.769979166569234152e-01 -6.367772668446729512e-01 -6.638168832376162287e-01 2.777301066255684625e-01
1.748882742978916168e+09 -1.746623829058570720e+00 -6.067772534741729729e+00 1.395443083944846174e+00 1.739780818411300889e-01 6.909441786764404236e-01 6.796980954605846836e-01 1.741788391833929417e-01
1.748882751140844107e+09 -3.490769173470015474e+00 -4.712180407659147363e+00 1.548455833962128159e+00 3.125516978540391899e-01 6.442498196280190825e-01 5.731747167934050369e-01 3.984022466134224394e-01
1.748882759068521976e+09 -5.090007254572627815e+00 -3.186928740407621419e+00 9.105962650110535073e-01 5.149472228293027198e-01 5.203993831692854677e-01 4.666781840156757344e-01 4.962109554022826052e-01
1.748882770475161314e+09 -6.148161644747625942e+00 5.166865234118156458e-01 8.575975872314366422e-01 4.763624500202334744e-01 5.156871036679293585e-01 4.285232629857463338e-01 5.687824192090954467e-01
1.748882781179274082e+09 -5.900546590804040648e+00 2.104240919771746210e+00 8.856401393468912309e-01 6.922874371070459887e-01 2.128498444405494405e-01 1.827101067586312799e-01 6.648684569398979338e-01
1.748882783989091158e+09 -5.062333128813037320e+00 2.698456772469303377e+00 1.028577547040257834e+00 6.759890969044909381e-01 2.355672201934312371e-01 1.969136016181830540e-01 6.699043656629994903e-01
1.748882818509892225e+09 3.202883774848571452e+00 5.177194662800781444e+00 -3.777606970213355231e-01 7.201119108927788171e-01 -9.559831445774835679e-02 -1.212529780903213589e-01 6.764595430381746821e-01
1.748882819881312132e+09 3.159980138290990226e+00 5.246122391459490331e+00 -9.507387122954487069e-01 6.918963974259567662e-01 -1.109662138707371293e-01 -1.725934127941928242e-01 6.922263997192175111e-01
1.748882819948303223e+09 3.150870412501980411e+00 5.253433781206648945e+00 -9.118454652788527959e-01 6.917579922885074284e-01 -1.233696059291642388e-01 -1.796030656914388290e-01 6.884719015559696009e-01
1.748882821353303194e+09 3.117829406794280889e+00 4.827930719960246364e+00 -9.456804256028603639e-01 6.535500480452565153e-01 -1.289895311034998659e-01 -2.096409317478223622e-01 7.157406760144674474e-01
1.748882830986953020e+09 4.120832803892822582e+00 2.522534738001017462e+00 -7.792836307285985198e-01 7.068428613667142590e-01 -1.572417317706766848e-01 -1.693866221761288759e-01 6.685479633896406204e-01
1.748882832793252230e+09 4.387633372445949753e+00 1.801961091092814993e+00 -7.624588098557880667e-01 6.876792834881461092e-01 -1.146172014314092991e-01 -1.218132748462921883e-01 7.064854041439803112e-01
1.748882835669807196e+09 4.829162484348591633e+00 1.093307464453589173e+00 -5.650893770544832551e-01 6.642477549367287182e-01 -2.147920479594526144e-01 -2.234258781120563309e-01 6.802353807210828052e-01
1.748882836606573105e+09 4.796949136614261811e+00 6.877437922756053368e-01 -4.787474159885344305e-01 6.760118263057772747e-01 -1.879935536144536901e-01 -2.010352093084254443e-01 6.835578096346016652e-01
1.748882836640004158e+09 4.798123825542232268e+00 6.729767388565703889e-01 -4.709482592893750041e-01 6.761396808771379385e-01 -1.880677769061720461e-01 -2.005020703170049268e-01 6.835675263143552449e-01
1.748882836673452139e+09 4.792301666451283637e+00 6.595500754902818841e-01 -4.607175500354870890e-01 6.763000962978155117e-01 -1.883633814780614202e-01 -1.996449743647624731e-01 6.835783060312904391e-01
1.748882837442850113e+09 4.674022866155546296e+00 3.185755657458182455e-01 -4.466572941678411679e-01 6.811094243412190163e-01 -1.830893084194916698e-01 -2.294556987218740185e-01 6.707595243752427772e-01
1.748882837610095263e+09 4.653665862956819055e+00 2.457652352688994846e-01 -4.680789327708557712e-01 6.911347329297603537e-01 -1.922055692862300047e-01 -2.284959827270272581e-01 6.581636467863252182e-01
1.748882837676959991e+09 4.645362144136278459e+00 2.161783749782166808e-01 -4.809103889680808042e-01 6.941192962364225449e-01 -1.948788045114945300e-01 -2.284726430539010533e-01 6.542330666669093908e-01
1.748882837810745239e+09 4.643300212366977320e+00 1.625098510295752696e-01 -5.112981640421502272e-01 6.973971763755989484e-01 -1.990072716328123992e-01 -2.303130766724044431e-01 6.488367829695671496e-01
1.748882838011481285e+09 4.641926584342920492e+00 8.921332950158600283e-02 -5.567238489307176907e-01 6.956257500549062334e-01 -2.051830049014889967e-01 -2.311483430754178725e-01 6.485176896998520180e-01
1.748882838044848919e+09 4.643870171492368470e+00 8.170706795570570335e-02 -5.576021735291365466e-01 6.954945597521887679e-01 -2.049666531453968599e-01 -2.306133671272566632e-01 6.489171467573597862e-01
1.748882838078355074e+09 4.638219922787111926e+00 6.999154652045724845e-02 -5.677845001688059945e-01 6.944322082235867555e-01 -2.036536429222305378e-01 -2.308722045628336939e-01 6.503746051826707619e-01
1.748882838245623112e+09 4.646766380709355992e+00 2.761718853371242233e-02 -5.824952791887740844e-01 6.881972900823785100e-01 -1.974047832564688187e-01 -2.366844009502346580e-01 6.568076855652389412e-01
1.748882838412854195e+09 4.608029459990895305e+00 -7.581198665843391638e-03 -5.769573502122279374e-01 6.783711606435717245e-01 -1.961450336919021709e-01 -2.418811666886844236e-01 6.654571326287044286e-01
1.748882838446408987e+09 4.599324604329982691e+00 -1.261946239044231532e-02 -5.738275836911614913e-01 6.765146920785876095e-01 -1.984760497033238869e-01 -2.425994803961407376e-01 6.663937433736156768e-01
1.748882838479605198e+09 4.586858056877753498e+00 -1.856613356465297571e-02 -5.814602154448937910e-01 6.743503725090450596e-01 -2.001423693163982831e-01 -2.440856128389196911e-01 6.675453697737548930e-01
1.748882838881115913e+09 4.571610012768486442e+00 2.412461732572257489e-03 -6.953095016008028484e-01 6.795711559251702560e-01 -2.131231466279195352e-01 -2.496277257738262201e-01 6.560850302597446282e-01
1.748882839014997005e+09 4.589389569422076320e+00 3.213319601939756964e-02 -7.438955744819968352e-01 6.903567365264575706e-01 -2.154155561742626679e-01 -2.472272919690799986e-01 6.448894328459003900e-01
1.748882839048387289e+09 4.600005978683352481e+00 4.108786932342933795e-02 -7.583661425170522552e-01 6.933700969723570751e-01 -2.156548605974261124e-01 -2.461793246785230482e-01 6.419708948434303952e-01
1.748882839081881285e+09 4.606790636234838310e+00 4.918243247611497893e-02 -7.677509057212549282e-01 6.964647797624925474e-01 -2.164890125985305946e-01 -2.438658248509829873e-01 6.392173162894181360e-01
1.748882839282639265e+09 4.672234432673232796e+00 1.102370403205799043e-01 -8.400856011390460676e-01 7.111574646839263769e-01 -2.184062880001961249e-01 -2.241733785304863280e-01 6.295236692488477281e-01
1.748882839416382074e+09 4.729483094115494168e+00 1.517588847157531617e-01 -8.721488325584232371e-01 7.157208482750051504e-01 -2.222656288044065898e-01 -2.113162804270020678e-01 6.274448877974747596e-01
1.748882839449887991e+09 4.750196242866119078e+00 1.633328225108838794e-01 -8.814362702990283793e-01 7.158518845971947320e-01 -2.231802579923661822e-01 -2.092910329302407890e-01 6.276495162876317702e-01
1.748882839617134094e+09 4.815197286279651934e+00 2.231918815430971037e-01 -9.300934425343470036e-01 7.135307932032061151e-01 -2.245853970383134834e-01 -2.075652520872406648e-01 6.303585271208020924e-01
1.748882839650418043e+09 4.838207440222589639e+00 2.348397795151671019e-01 -9.451577956877732500e-01 7.122236800601863260e-01 -2.246956039203117372e-01 -2.099722922402305625e-01 6.309999616733705796e-01
1.748882839817647219e+09 4.892751912626366106e+00 2.943639458347324656e-01 -1.010219911399194537e+00 7.056667271202576863e-01 -2.216074239338216012e-01 -2.225916496240242515e-01 6.351201283304245271e-01
1.748882839851276159e+09 4.899043934743480655e+00 3.070217337796337098e-01 -1.022601751201526854e+00 7.045792846148070110e-01 -2.200561977204322783e-01 -2.252363615824390652e-01 6.359338668113361237e-01
1.748882839884644270e+09 4.910555488430235371e+00 3.155847056947131968e-01 -1.031990486732017764e+00 7.035873000891020856e-01 -2.191357542018826932e-01 -2.282818812096180094e-01 6.362639508058727245e-01
1.748882840018532276e+09 4.924105615691381388e+00 3.544066422718623599e-01 -1.072702112130005325e+00 7.013714078977674182e-01 -2.110365288479341128e-01 -2.353326146726714974e-01 6.388742381303553763e-01
1.748882840051902056e+09 4.933892604888397315e+00 3.656110031738912802e-01 -1.088166694680842150e+00 7.011334895045207016e-01 -2.085501065299534273e-01 -2.368623848188706194e-01 6.393863414395682954e-01
1.748882840085396051e+09 4.937352321911608222e+00 3.737460569635255858e-01 -1.098080316873827122e+00 7.012946566624882472e-01 -2.056770337814403105e-01 -2.379059275873938728e-01 6.397527115458695457e-01
1.748882840219159126e+09 4.963031157435852769e+00 4.033023949975853562e-01 -1.130037920166232057e+00 7.034719139836095314e-01 -1.953191338546534928e-01 -2.397804793988681793e-01 6.399086058850543823e-01
1.748882840286025047e+09 4.973488921796064943e+00 4.273967098062767533e-01 -1.144651931450232141e+00 7.037209657020089271e-01 -1.906349139741981835e-01 -2.383685641646968723e-01 6.415727235657256999e-01
1.748882840453340054e+09 4.992887975568774728e+00 4.662296579931863860e-01 -1.171956211699175521e+00 6.979557849684466797e-01 -1.835655026117591904e-01 -2.315609791632109171e-01 6.523349917097399642e-01
1.748882840486788273e+09 4.998326833126080615e+00 4.692209319890392472e-01 -1.174599526532054350e+00 6.962632671735573542e-01 -1.827884413906232242e-01 -2.304745869647861767e-01 6.547421731049570814e-01
1.748882840620527267e+09 4.973915827442739079e+00 4.881756953790730158e-01 -1.169535233121388629e+00 6.888291069212825191e-01 -1.831753735801942007e-01 -2.196796024594266927e-01 6.661096878405632360e-01
1.748882840687563181e+09 4.972897266759988888e+00 5.063874752936019519e-01 -1.169278200293407455e+00 6.844261035312283470e-01 -1.868430367997062636e-01 -2.143174517012436942e-01 6.713558060379077874e-01
1.748882840821295261e+09 4.996777216089635765e+00 5.442018459623807480e-01 -1.183421841272096930e+00 6.714810958091412818e-01 -1.967796518202171718e-01 -2.092447902470512267e-01 6.830867619526357348e-01
1.748882840854788303e+09 4.999188283110944653e+00 5.556113039925776320e-01 -1.187993819107773019e+00 6.675493748509565561e-01 -1.987132108728003610e-01 -2.092546765377416296e-01 6.863697052666326570e-01
1.748882840888045073e+09 4.989273942838840625e+00 5.644412577879904802e-01 -1.188791496389569380e+00 6.639330819504901671e-01 -2.003769729323384707e-01 -2.089782171801142230e-01 6.894708377838884017e-01
1.748882841022045135e+09 4.989714458007846076e+00 5.960094524516241776e-01 -1.211433913450712385e+00 6.492313542213578037e-01 -2.055584461278842090e-01 -2.138750858266479093e-01 7.003583522626364299e-01
1.748882841055301189e+09 4.991763983104572588e+00 6.056931614061364932e-01 -1.212663799807795595e+00 6.465040518865036168e-01 -2.066538760995606516e-01 -2.151284738737129498e-01 7.021726469438464013e-01
1.748882841088930130e+09 4.986640124294471121e+00 6.110984666111844987e-01 -1.214350611619036124e+00 6.438965168943669992e-01 -2.071739939862916602e-01 -2.167248092656398339e-01 7.039222746836769629e-01
1.748882841222562075e+09 4.982833588250001000e+00 6.424328828661316493e-01 -1.238979888363009652e+00 6.360389240219546103e-01 -2.085617739384864056e-01 -2.243950978271753716e-01 7.082395877468005141e-01
1.748882841423427105e+09 4.952164089495957100e+00 6.864635706215911348e-01 -1.278650187377361469e+00 6.305646248802762033e-01 -2.090547505714159815e-01 -2.313674171848726091e-01 7.107415025016619037e-01
1.748882841456807137e+09 4.945461870427818596e+00 6.940223737981230379e-01 -1.286944976677980135e+00 6.301197018315866094e-01 -2.087785470109893016e-01 -2.322640085595969739e-01 7.109248272493233767e-01
1.748882841490298986e+09 4.938879197306800251e+00 7.016846423644733655e-01 -1.287187496107190299e+00 6.299762877750259005e-01 -2.092296026391283759e-01 -2.322170117322722993e-01 7.109346732877809272e-01
1.748882842226186037e+09 4.918753006546903173e+00 8.130709313938644378e-01 -1.598017955749107211e+00 6.219137746026580649e-01 -2.508737476426347035e-01 -2.099120835518081818e-01 7.114931741641324914e-01
1.748882842259716272e+09 4.924103760177867883e+00 8.132085232676398157e-01 -1.617649213708708844e+00 6.226959725561351799e-01 -2.502289168451536927e-01 -2.095064587048827698e-01 7.111555798120470229e-01
1.748882842293054104e+09 4.926689903224411360e+00 8.133088208836043442e-01 -1.639506039351282141e+00 6.238437515264478872e-01 -2.481814996166349374e-01 -2.091463785719513413e-01 7.109730721058880043e-01
1.748882843062479258e+09 4.896748239375021683e+00 8.558601950908024669e-01 -1.868269193737413403e+00 6.434846110206196013e-01 -1.960929863462133049e-01 -2.649854600818173367e-01 6.908384775261821042e-01
1.748882843430494070e+09 4.877771249531653197e+00 9.367458243854565048e-01 -1.926943597337497760e+00 6.481400100687899624e-01 -2.230568749092495251e-01 -2.536816542137619312e-01 6.824996529076902130e-01
1.748882844433925152e+09 4.947223620599329408e+00 1.387938072025921787e+00 -1.948753810985191848e+00 6.486344417760117054e-01 -2.518232538453581970e-01 -2.442380501389447567e-01 6.754303699338549682e-01
1.748882844835469246e+09 4.851769919660029906e+00 1.089274963770635818e+00 -2.345552283800755422e+00 6.089803839563111554e-01 -2.156158953684000901e-01 -2.991685131966144162e-01 7.022470208784331591e-01
1.748882845704896212e+09 4.477642229367257976e+00 1.096716791132856361e+00 -2.452120682769346693e+00 6.184628622691764610e-01 -2.209374361497873362e-01 -2.754865751820692599e-01 7.019953590984990832e-01
1.748882846641699076e+09 4.086498985176449494e+00 1.020172271370030526e+00 -2.303311158828958760e+00 6.417116264471337539e-01 -2.169423502176761609e-01 -3.058465817719572266e-01 6.690292023394904808e-01
1.748882846842330933e+09 4.088269263440276191e+00 1.037402403463941081e+00 -2.280641224714169635e+00 6.365753658446925423e-01 -2.278656708892009553e-01 -3.114409683780428040e-01 6.677226691117029711e-01
1.748882847076573133e+09 3.900774170301380739e+00 1.265379210970334345e+00 -2.108094440231399247e+00 6.361084125549678614e-01 -2.349099931052263113e-01 -3.134468939177872948e-01 6.647814883925340368e-01
1.748882847310694933e+09 3.777180200060638260e+00 1.627246803632140359e+00 -1.927802905403032341e+00 6.256047538992204338e-01 -2.511726156345691630e-01 -3.269618666712675870e-01 6.622891715835500515e-01
1.748882847678623199e+09 3.509347809481521363e+00 2.089469348214616051e+00 -1.741730616617689131e+00 6.164649173018317274e-01 -2.701031927773288599e-01 -3.382183815791818815e-01 6.577412845104813055e-01
1.748882847712078094e+09 3.488881782388307151e+00 2.125031562057319245e+00 -1.747663001215916445e+00 6.155401972656412424e-01 -2.714695905378210483e-01 -3.393864555389972670e-01 6.574430475410625307e-01
1.748882847745566130e+09 3.471952471042646593e+00 2.159183444847617483e+00 -1.752493255020902918e+00 6.145979306489353089e-01 -2.730058046072230127e-01 -3.406288246971477807e-01 6.570458264674156057e-01
1.748882847946092129e+09 3.407708612139646043e+00 2.403592200647314048e+00 -1.720715969493580300e+00 6.120217269613422717e-01 -2.811074904602559599e-01 -3.467055747108465091e-01 6.528424227934447321e-01
1.748882848113341093e+09 3.385532147977075912e+00 2.528402219255025063e+00 -1.802672661862237735e+00 6.118089903420642628e-01 -2.757939458513196662e-01 -3.452637128749676543e-01 6.560643469509490622e-01
1.748882848146971941e+09 3.387685356063078856e+00 2.539330454605933429e+00 -1.806908337026862599e+00 6.122013561442384288e-01 -2.748860758958752148e-01 -3.448524588300879712e-01 6.562956090456228964e-01
1.748882848280588150e+09 3.373686988628971317e+00 2.610866768525210713e+00 -1.853923988038489679e+00 6.142760131118668587e-01 -2.675898530243646656e-01 -3.416458665740522149e-01 6.590438165453439412e-01
1.748882848314200163e+09 3.376054529279206129e+00 2.619315710535606190e+00 -1.877197603908855150e+00 6.143709827361676368e-01 -2.655561299862781999e-01 -3.407119749273896381e-01 6.602602422829838558e-01
1.748882848347621918e+09 3.372493297738359708e+00 2.631544844477549550e+00 -1.901093067899061850e+00 6.145873479571393183e-01 -2.631631424736197156e-01 -3.396394976154008538e-01 6.615682609028172845e-01
1.748882848481461048e+09 3.360048832267743535e+00 2.661515483489110157e+00 -1.976510763931197623e+00 6.135157237442978584e-01 -2.548731421453358514e-01 -3.262737504167566027e-01 6.724459665433776268e-01
1.748882848682105303e+09 3.352565264595240180e+00 2.742921321460806805e+00 -2.077755319544412504e+00 6.161860481727760019e-01 -2.421209872418582654e-01 -2.942688033192212282e-01 6.892735690328759546e-01
1.748882848949726105e+09 3.326858439228938202e+00 2.809559452846967620e+00 -2.261205484163832491e+00 6.285849415933811857e-01 -2.287394521156150828e-01 -2.684155614516172683e-01 6.931899599810338319e-01
1.748882849150500298e+09 3.343638463409964956e+00 2.907525820302547803e+00 -2.350913209346619404e+00 6.376859271948652763e-01 -2.278919555045687551e-01 -2.707878694633290007e-01 6.841753025544254907e-01
1.748882849284229279e+09 3.377698181077904760e+00 2.932571663079233115e+00 -2.417353581149581654e+00 6.423308765436337442e-01 -2.303700645100961175e-01 -2.774285413370011777e-01 6.762943758955309859e-01
1.748882849351002216e+09 3.436654732531240430e+00 2.928680483343809815e+00 -2.451507485060894886e+00 6.444207887042490146e-01 -2.336084741556110345e-01 -2.817714734725503267e-01 6.713819811594506914e-01
1.748882849551860094e+09 3.437461815445837843e+00 2.764621464319516608e+00 -2.644610481287785309e+00 6.481452465519718098e-01 -2.412721494309703063e-01 -2.914717713078177619e-01 6.608628419057366310e-01
1.748882849685624123e+09 3.692403649403114940e+00 2.911312823377433023e+00 -2.233460060804369096e+00 6.610250223140391457e-01 -2.474952203469494849e-01 -3.011623679511359897e-01 6.411655510944138658e-01
1.748882849719148159e+09 3.648995720207763416e+00 3.019784925389604080e+00 -2.146871359507839916e+00 6.642837927562647016e-01 -2.467038752006160962e-01 -3.019822684789191802e-01 6.377075741801069286e-01
1.748882849752519131e+09 3.586396780735631840e+00 3.167010333766480112e+00 -2.136525613680981373e+00 6.660012163258830498e-01 -2.450279067302384428e-01 -3.012127673756372359e-01 6.369258775915390691e-01
