1.748882712003945112e+09 9.101836267567446015e+00 -1.581376103185774928e+00 1.160525978069691933e+00 5.991733521632311987e-01 -4.736419666785252058e-01 -4.038175431238288926e-01 5.035732055260784268e-01
1.748882712204576015e+09 9.031634037765176259e+00 -1.603052357694183749e+00 1.149322356560930292e+00 5.486820560351152176e-01 -5.139436423546465127e-01 -3.941987884759484140e-01 5.285993274990163915e-01
1.748882712605958939e+09 8.849050802449257347e+00 -1.645770505801688710e+00 1.121252236708904171e+00 5.395099678324154491e-01 -5.383014397735095269e-01 -4.292912174741894127e-01 4.846334750579669448e-01
1.748882713442224979e+09 8.414884041107892898e+00 -1.862621811986997056e+00 1.100272865797683464e+00 5.004535675383854354e-01 -5.566791147693965769e-01 -4.916474295614094436e-01 4.449015564406604284e-01
1.748882714245110035e+09 7.973479099643194346e+00 -1.949638890748816022e+00 1.018191132118392961e+00 4.726164731123974616e-01 -5.786450638561229098e-01 -5.343975513121672627e-01 3.952503214031600209e-01
1.748882714780133247e+09 7.722545367931606286e+00 -2.098867237540379627e+00 1.059977360092457133e+00 4.470350403396744499e-01 -5.896854379738744045e-01 -5.557604101735785784e-01 3.788946072904202933e-01
1.748882715181636095e+09 7.631073584392273013e+00 -2.244761970240729099e+00 1.062353825310527355e+00 4.596416806285902323e-01 -5.881099228477966179e-01 -5.452435198661174098e-01 3.815307957700012631e-01
1.748882716252031088e+09 7.687607600153999243e+00 -2.672577746185894831e+00 1.192431726396720570e+00 4.954910912031759151e-01 -5.541567752065685859e-01 -5.217566828336833717e-01 4.185317323087149322e-01
1.748882716486292124e+09 7.691272956771399549e+00 -2.773620607764018864e+00 1.208311480478537092e+00 4.906606567984078682e-01 -5.551242530108728701e-01 -5.330291011528790479e-01 4.086186007922664176e-01
1.748882717088311195e+09 7.629497881678785731e+00 -2.956697250338363059e+00 1.221077141274232947e+00 4.141425948461199824e-01 -5.873248018121426384e-01 -5.965871965103981545e-01 3.572383031959392996e-01
1.748882717456319094e+09 7.459637160173034687e+00 -3.078641546378307225e+00 1.221605989301682849e+00 3.914435881361320591e-01 -5.957388393998660492e-01 -6.076891246500747412e-01 3.501158098681591002e-01
1.748882718292572975e+09 7.077552731988630441e+00 -3.204108721741668830e+00 1.227524648771761262e+00 4.142926550035044286e-01 -6.204603343895266354e-01 -5.779524471737310654e-01 3.306985610269262410e-01
1.748882718660463095e+09 7.008145264459658463e+00 -3.253096931836302996e+00 1.254350782109208806e+00 4.367120231509596939e-01 -6.205808411292104143e-01 -5.574047181240815441e-01 3.368412217525785235e-01
1.748882719062195063e+09 6.957031620162200447e+00 -3.349945955512607654e+00 1.288406239417759558e+00 4.122228299151484698e-01 -6.261156949374501179e-01 -5.752073362619799513e-01 3.273957778593635237e-01
1.748882719229227066e+09 6.874273608483521869e+00 -3.394623540958491503e+00 1.281932360791149916e+00 3.995109054033089691e-01 -6.242687738822227939e-01 -5.861871392419931714e-01 3.272066200532964819e-01
1.748882719463408232e+09 6.793226284016322225e+00 -3.461017660391583650e+00 1.286823779113007493e+00 3.997868313936198126e-01 -6.174268485707057330e-01 -5.933605854737072915e-01 3.269216904926864342e-01
1.748882719898257017e+09 6.607719981255080199e+00 -3.570293879622179034e+00 1.287755739942815669e+00 3.958544747112247020e-01 -6.208932947630653176e-01 -5.945519617140804236e-01 3.229531176367611556e-01
1.748882720031996965e+09 6.556567097621318396e+00 -3.595251409674252052e+00 1.286563069047898189e+00 3.905612014612454552e-01 -6.232990795722274102e-01 -5.960604019144611909e-01 3.219816805147983629e-01
1.748882720266091108e+09 6.446959067274299571e+00 -3.615829058186966094e+00 1.276870141561170069e+00 3.855831615425990289e-01 -6.269614144504459530e-01 -5.987251821706293109e-01 3.158689072382036556e-01
1.748882720433247089e+09 6.367081397711872093e+00 -3.628139531565031106e+00 1.261589721531060748e+00 3.871616810947599574e-01 -6.272398753884337319e-01 -6.015991154590257795e-01 3.078221494524053803e-01
1.748882720667501211e+09 6.258084840465588883e+00 -3.665754792534802853e+00 1.232858295072413624e+00 4.047175447145607841e-01 -6.232840366686024369e-01 -6.004235027403136415e-01 2.953173479350013064e-01
1.748882721035532236e+09 6.106051745532975694e+00 -3.711218072950437374e+00 1.198261306874788046e+00 3.994270910445326117e-01 -6.374496326723667616e-01 -5.936199034857572165e-01 2.858869967856657035e-01
1.748882721503714085e+09 5.960725114121220969e+00 -3.770112195493245721e+00 1.200328214447451192e+00 3.770234181620077951e-01 -6.456793930769398893e-01 -5.967901134990232226e-01 2.911924173859158360e-01
1.748882721737920046e+09 5.882963943457938605e+00 -3.801898023857241959e+00 1.205496899783972786e+00 3.660608773786198644e-01 -6.402699424268460948e-01 -6.051888484459021500e-01 2.996669694748508306e-01
1.748882721938670158e+09 5.799925615758060538e+00 -3.833813408553599977e+00 1.206161500850594814e+00 3.586951004548151190e-01 -6.381986651889093309e-01 -6.099022918394809700e-01 3.034130568544363138e-01
1.748882722139393091e+09 5.719959066031133688e+00 -3.881705363429269084e+00 1.201220441810998851e+00 3.571057247754740316e-01 -6.368676794185438306e-01 -6.112808856711238192e-01 3.053043384194677468e-01
1.748882722708140135e+09 5.638048365431382436e+00 -4.041198407557830663e+00 1.217631363128678368e+00 3.994030662655491115e-01 -6.139263325258934589e-01 -6.042646862216123349e-01 3.137448611124646902e-01
1.748882723075864077e+09 5.655868686339974971e+00 -4.167464787837064755e+00 1.216041761897235229e+00 3.906826263951606593e-01 -6.228791439038786626e-01 -5.999405642903087310e-01 3.153727585597335681e-01
1.748882723912151098e+09 5.841476392532761963e+00 -4.460202983108482400e+00 1.256262774834304485e+00 3.106039655904255237e-01 -6.483358967587365962e-01 -6.513974791332801662e-01 2.426253608185974242e-01
1.748882724313626289e+09 5.921658087364004786e+00 -4.627847105430528352e+00 1.260546278570395584e+00 2.598113809617010328e-01 -6.546774245187807484e-01 -6.767037387835470597e-01 2.144004805605604358e-01
1.748882724748484135e+09 5.887019850699395818e+00 -4.834025523336857866e+00 1.253764091960849481e+00 2.647971107436880023e-01 -6.572202943212308579e-01 -6.648642222374882005e-01 2.364308373767039229e-01
1.748882725986032963e+09 5.551947059169668464e+00 -4.959061422486302106e+00 1.259531947735307966e+00 2.058122918620221564e-01 -6.863527946218092035e-01 -6.777422719682272279e-01 1.650047109045056914e-01
1.748882728059938192e+09 5.204339433389686853e+00 -5.500377632459802157e+00 1.296500202010519409e+00 2.071162318110313649e-01 -6.805092118424325154e-01 -6.900628637561164735e-01 1.335040193503480577e-01
1.748882728461436987e+09 5.152350481580775465e+00 -5.632720948037811759e+00 1.295680134008727169e+00 2.007032028770016074e-01 -6.731875347606808280e-01 -6.993415837626941745e-01 1.321291664169473856e-01
1.748882728829472065e+09 5.077770379901843434e+00 -5.730420053939157654e+00 1.292566099531097024e+00 2.163469457348003999e-01 -6.606072666075166744e-01 -7.030303554071213323e-01 1.501344655723830801e-01
1.748882729599127054e+09 4.858506768632600448e+00 -5.749478544002881719e+00 1.266703599826429993e+00 1.791177272026950318e-01 -6.864403244259031922e-01 -6.938005355024486898e-01 1.239247261054743782e-01
1.748882730635629177e+09 4.507773268583147086e+00 -5.650530158805860736e+00 1.246058043108107860e+00 1.424630567654351088e-01 -7.088670868568380801e-01 -6.881676340564056860e-01 6.030786072609180259e-02
1.748882731505511045e+09 4.219105676102767433e+00 -5.587299913825507502e+00 1.233437476597708082e+00 1.353462707101543705e-01 -7.013194163260838554e-01 -6.981895220835461213e-01 4.861948726224710887e-02
1.748882732107561111e+09 4.019138473334659345e+00 -5.661378369694035406e+00 1.227327217592647290e+00 1.287973060763648869e-01 -7.086495555541585389e-01 -6.922210221916155204e-01 4.535546049110169425e-02
1.748882732241456270e+09 3.971473299725785999e+00 -5.691025413346329387e+00 1.229253885130555890e+00 1.278263949712012959e-01 -7.055460483910767078e-01 -6.957769428888259666e-01 4.194796887433973470e-02
1.748882732642785072e+09 3.855537205687761038e+00 -5.732433015406399157e+00 1.233112317223076904e+00 9.684608108358097600e-02 -7.010720433341450786e-01 -7.062607288373887737e-01 1.773723586467245220e-02
1.748882733044182062e+09 3.723578377186480992e+00 -5.808024311579433885e+00 1.230498832933144771e+00 7.381723435087428342e-02 -6.946190100642120058e-01 -7.155780169332570662e-01 1.883733545229739894e-03
1.748882733545938015e+09 3.564238928466359368e+00 -5.960217478034008920e+00 1.221333292191110198e+00 1.009911528671580544e-01 -6.908746230125444310e-01 -7.158259422125030635e-01 9.287775590518432614e-03
1.748882734281692028e+09 3.410940929612200634e+00 -6.184555515678048287e+00 1.219390450737668274e+00 -6.603143587130233527e-02 6.902281436869305287e-01 7.196896580921172681e-01 3.566167655228711514e-02
1.748882735753590107e+09 2.965430041028484176e+00 -6.469741402582033452e+00 1.214048492719348671e+00 -9.108611880124486276e-03 6.921892387219135134e-01 7.172600345799298172e-01 7.955585322019542716e-02
1.748882737091670036e+09 2.500477880013972865e+00 -6.365628967518156323e+00 1.205448463312517982e+00 1.619218441119536084e-02 6.949229806268631959e-01 7.110880561049496285e-01 1.057054427432909810e-01
1.748882738095102072e+09 2.222939654514731522e+00 -6.105769300525713206e+00 1.233682323651651869e+00 3.115027135305333678e-02 6.986606950199718558e-01 7.007597233719623508e-01 1.408499340734378491e-01
1.748882738530078173e+09 2.108660853796625823e+00 -5.980757249180463475e+00 1.243421286975870732e+00 4.632049714460833439e-02 6.899397273133628383e-01 7.061150362870300956e-01 1.524438904922235383e-01
1.748882739767735243e+09 1.668417825439362012e+00 -5.857054251864072469e+00 1.227352792043965302e+00 1.677191924797108089e-02 7.002371811164965765e-01 7.027286161435059020e-01 1.247360611843889855e-01
1.748882740168962240e+09 1.536922519123618436e+00 -5.920929467373889921e+00 1.233388786970803341e+00 2.189162429511774810e-02 6.854035650083716291e-01 7.147596386897472343e-01 1.373366985173250510e-01
1.748882741339746237e+09 1.154659877665283219e+00 -6.173505841590324117e+00 1.189079088526800554e+00 3.445674988745209538e-03 6.834314165732285895e-01 7.191046733024329951e-01 1.256904729849602220e-01
1.748882741774739027e+09 1.024866889067306275e+00 -6.228077332108034270e+00 1.177238986685661626e+00 1.872425909917466852e-02 6.838090544119617142e-01 7.154586711153105849e-01 1.420333381686134655e-01
1.748882742544138193e+09 7.662250419257539136e-01 -6.249528995658904407e+00 1.162081124543422606e+00 7.338291453400377917e-02 6.789387267125869263e-01 7.083313178930706888e-01 1.786725981124454021e-01
1.748882743213258028e+09 5.297935226379753004e-01 -6.200157709386077798e+00 1.148063293867753965e+00 6.524007873718770667e-02 6.879599852213508226e-01 7.021559016599639991e-01 1.715572225955160068e-01
1.748882744216566086e+09 2.634511813016242598e-01 -6.009438287241608556e+00 1.148610312323230520e+00 7.321081831514840432e-02 6.818576970514207414e-01 7.027191653312581110e-01 1.894624810602304199e-01
1.748882745654962063e+09 9.475972006449495666e-02 -5.555281983989001304e+00 1.166235225727457969e+00 1.110015541288168900e-01 6.813693792465723709e-01 6.881063471121889874e-01 2.234369688973766310e-01
1.748882746290482998e+09 -1.355538244400555925e-02 -5.348364956370740941e+00 1.153816262479429922e+00 1.071502500777096883e-01 7.071382661715402973e-01 6.681049435530240777e-01 2.052074092819317908e-01
1.748882746658504963e+09 -9.179364437322767856e-02 -5.288499829544215380e+00 1.165581287996691584e+00 1.186675297001364010e-01 7.021338482481781496e-01 6.642037738831675364e-01 2.275069741753632802e-01
1.748882747327517986e+09 -3.603438366501343637e-01 -5.310995815230662664e+00 1.191257844715348124e+00 8.896203063813151735e-02 6.829153868546651296e-01 6.923924242374805971e-01 2.151861109840235431e-01
1.748882747929870129e+09 -5.726612241400097503e-01 -5.375123460823346022e+00 1.180987141934426443e+00 1.077659628481298371e-01 6.593176202000698982e-01 7.020124561976297528e-01 2.467089059772734350e-01
1.748882748297421217e+09 -6.773801345875885005e-01 -5.371834429348313122e+00 1.174316421117168385e+00 1.582482737351137980e-01 6.300620552915661143e-01 6.977350726162162564e-01 3.019023994321144988e-01
1.748882748464655876e+09 -7.135649300288378072e-01 -5.360220586868060799e+00 1.172180898278162964e+00 1.807111388045043177e-01 6.136853508980173455e-01 6.942839950162231766e-01 3.297021514480444337e-01
1.748882748866191864e+09 -7.646427674537292773e-01 -5.285292095064645146e+00 1.153013397661106332e+00 2.380363517631886028e-01 5.904413226590035091e-01 6.690609937662845841e-01 3.835037501204253130e-01
1.748882750271072149e+09 -1.081550721304681772e+00 -4.962555704323438732e+00 1.086623936797330936e+00 2.257265366414431262e-01 6.441035736544576951e-01 6.401637657675240956e-01 3.526591414663144963e-01
1.748882751910247087e+09 -1.648369455555737773e+00 -5.201958194113605494e+00 8.657411814909613534e-01 2.456989539721780302e-01 6.275712385020166817e-01 6.441023342513366723e-01 3.618266817607598274e-01
1.748882752344982147e+09 -1.757273586755633943e+00 -5.161982204291041931e+00 7.976437526660538069e-01 2.667905793794143054e-01 6.240700180407220410e-01 6.458030387474410494e-01 3.497110728610416941e-01
1.748882752713031054e+09 -1.840761209383293462e+00 -5.089989471580156355e+00 7.620794980011469377e-01 2.839255346501994293e-01 6.249917982524264559e-01 6.424656177046774719e-01 3.406016338160233747e-01
1.748882753081018209e+09 -1.933462789412637051e+00 -5.005384615856320885e+00 7.359630027023795762e-01 2.728421333178053798e-01 6.243710752206123038e-01 6.389776866296716928e-01 3.569670106660251530e-01
1.748882753482416153e+09 -1.980706032193177535e+00 -4.886639341463622443e+00 7.183905112481194788e-01 2.807702986079487761e-01 6.158604739466911893e-01 6.415190484044258623e-01 3.610224737935857631e-01
1.748882754117937088e+09 -1.986186245720583443e+00 -4.666515927080599369e+00 7.144876371874624432e-01 3.155675232886141490e-01 5.907401742330502525e-01 6.088018581698346754e-01 4.252099273083259079e-01
1.748882754519178152e+09 -2.073992056688812369e+00 -4.534071846443503695e+00 7.124712947781428607e-01 2.638371159867159421e-01 6.085838572031156968e-01 6.131609647840872146e-01 4.290096691738282675e-01
1.748882755589742184e+09 -2.336964993685215930e+00 -4.454057639795736989e+00 5.173437978870619736e-01 1.867023329762121098e-01 6.603670336201117319e-01 6.525425597403214928e-01 3.213188875503002473e-01
1.748882756793971062e+09 -2.305111288382406087e+00 -4.049282367913558112e+00 4.411876035939932272e-01 3.326179744485271983e-01 5.731548293966178820e-01 6.221102995320070272e-01 4.169383645447963249e-01
1.748882757161864042e+09 -2.458705898204025075e+00 -4.004108833427704184e+00 4.221477187689759436e-01 3.052525012523440440e-01 5.811401428222142673e-01 6.265609711040542873e-01 4.201409220355811769e-01
1.748882757563589334e+09 -2.658873855106685724e+00 -3.970999177764505284e+00 3.954311345763429353e-01 2.640141104278186934e-01 5.877998636316397185e-01 6.352329183957124981e-01 4.257546349672532426e-01
1.748882758165402889e+09 -2.884773630659369203e+00 -3.889969141608772496e+00 3.028232776718988717e-01 2.495878024853143418e-01 5.864272520786971699e-01 6.337335225476165013e-01 4.383957450402204414e-01
1.748882759235778093e+09 -3.091269529466694976e+00 -3.879770326029382765e+00 8.437099166561545793e-02 4.584780680985155454e-01 5.071540551307803790e-01 5.342120316764166210e-01 4.972023035437522775e-01
1.748882761209434271e+09 -3.035480492030590227e+00 -3.235572106408436177e+00 1.093836832982659768e-01 4.537928882269421926e-01 4.967400210537551430e-01 5.169632586081264192e-01 5.292167375730211232e-01
1.748882761677708149e+09 -2.995215770998438387e+00 -3.058924063323882336e+00 1.353663749927638271e-01 4.422338212264450008e-01 5.020497293802083094e-01 5.177442331751457294e-01 5.332131146235966623e-01
1.748882762045716047e+09 -2.955690892891123411e+00 -2.923221863430144118e+00 1.487572168701472020e-01 4.366730256737347271e-01 4.990409409933668217e-01 5.226535540236512123e-01 5.358246637920344169e-01
1.748882762915381193e+09 -2.960401328685829725e+00 -2.575622078792992653e+00 1.632010796993673685e-01 3.970279477040682958e-01 5.244255237766811684e-01 5.528736549904961217e-01 5.115441333559591630e-01
1.748882763283393145e+09 -3.068993710994051938e+00 -2.452463530255080570e+00 1.620022594287587880e-01 3.836867949828766111e-01 5.332988772686648726e-01 5.575342675266872217e-01 5.074763949123448636e-01
1.748882764086174011e+09 -3.388624080900900282e+00 -2.282352996281935997e+00 1.067088313245456721e-01 3.555725109840731091e-01 5.228369146456766092e-01 5.683776912330916753e-01 5.264565986145591792e-01
1.748882765089673996e+09 -3.702254859105826412e+00 -2.063155037898567912e+00 -1.624703086046408451e-02 4.448916971211492322e-01 4.919913148136761949e-01 5.173664715746755238e-01 5.406920177614463752e-01
1.748882766528080940e+09 -4.137524030520985718e+00 -1.621376109244736963e+00 -5.633365854234750891e-02 4.609512537264834897e-01 4.944885131740933693e-01 5.134145418398271543e-01 5.285930005725184566e-01
1.748882766996362209e+09 -4.250154921986203149e+00 -1.461907815472864414e+00 -5.391385230102674342e-02 4.307476407231712323e-01 5.016215037470490579e-01 5.387217781662845262e-01 5.221218083161516255e-01
1.748882767464474201e+09 -4.332913877525816915e+00 -1.306170886328699376e+00 -5.786928745203656632e-02 4.220993477463343968e-01 4.979043777167014850e-01 5.391517375538769086e-01 5.322018180871787019e-01
1.748882768033337116e+09 -4.475050343086603988e+00 -1.118390627122655800e+00 -8.170058017875270195e-02 4.418587180927978086e-01 4.942057937447809080e-01 5.141733569864102016e-01 5.441941433347161627e-01
1.748882769438176155e+09 -4.781246930004988016e+00 -6.649776123077009160e-01 -1.433626833057453087e-01 4.549147467972903258e-01 4.827651692026666552e-01 5.173471942474322516e-01 5.406868272441890388e-01
1.748882769839660168e+09 -4.858163941724995993e+00 -5.646079904397278693e-01 -1.591150502080909135e-01 4.489479888482146297e-01 4.876704582138428057e-01 5.155515626599105339e-01 5.429823328005880523e-01
1.748882771244549990e+09 -5.009966199697190703e+00 -3.462289643786007343e-01 -1.749489076984980240e-01 4.047884054760031436e-01 5.052774827469910246e-01 5.328473649161882264e-01 5.448987960373323780e-01
1.748882771612324238e+09 -5.036786531486953322e+00 -3.874232463993565467e-01 -2.551151228114816316e-01 4.844878825683791579e-01 4.880574619884208154e-01 4.589479577012121059e-01 5.625283793407361843e-01
1.748882773251438141e+09 -5.212514468632811315e+00 -3.530154904935378646e-01 -3.390607543522026202e-01 4.790675413925989945e-01 4.360321504372948187e-01 5.078358416826684874e-01 5.678670728890119479e-01
1.748882774355214119e+09 -5.211185481414018383e+00 -3.432792426123261187e-01 -3.973518420647064175e-01 4.911337325137258847e-01 4.240017961173141448e-01 4.893795489193187853e-01 5.826815517724508453e-01
1.748882774689764261e+09 -5.221382098243916303e+00 -3.637493610732234206e-01 -4.123041151152546657e-01 5.281915705234038194e-01 3.925979063079764186e-01 4.563610419295551224e-01 5.988448448467965646e-01
1.748882775358902216e+09 -5.123634076466599296e+00 -2.951769092446427933e-01 -4.173790563232235851e-01 6.066536194258664860e-01 3.011740453601468026e-01 4.152496918439190776e-01 6.073164528171700605e-01
1.748882776094667196e+09 -4.954484020432651903e+00 -1.458404660457057744e-02 -3.588688612740267292e-01 5.894612511134185162e-01 3.329422126732277665e-01 4.370870047492068644e-01 5.921485174645169103e-01
1.748882777700444937e+09 -4.808950196273627853e+00 5.950714321606429547e-01 -2.744011495373170906e-01 5.664780857721407603e-01 3.504969923012252186e-01 4.246132983150980311e-01 6.131541271341971466e-01
1.748882778369480133e+09 -4.930056019646507082e+00 9.061033471617643276e-01 -2.720964174844580086e-01 5.523183866912944051e-01 3.714563730608843040e-01 4.252254577426245463e-01 6.133089537278533232e-01
1.748882779105384111e+09 -5.103932286752900893e+00 1.179812667963470174e+00 -2.626713229772286162e-01 5.609518194361212684e-01 3.362491412421545478e-01 4.062884583894904034e-01 6.381216654092779494e-01
1.748882779807760000e+09 -5.149955494572973080e+00 1.425682008708977433e+00 -2.490762484651771747e-01 5.851043647968735550e-01 2.897628829601316403e-01 3.645911315777886630e-01 6.639003394554849891e-01
1.748882780209257126e+09 -5.128284661082028961e+00 1.528060024072631196e+00 -2.303555056142840840e-01 6.080979709965376179e-01 2.530285718962888009e-01 3.364546194979103899e-01 6.730465723057614813e-01
1.748882781379914999e+09 -4.822448970495493370e+00 1.797721544212044220e+00 -1.642186455464877959e-01 6.677528432732521280e-01 1.990776552223332274e-01 2.730806464677183465e-01 6.632504715538757312e-01
1.748882783855341196e+09 -4.098869345172987622e+00 2.467688027346891744e+00 6.673780990469890817e-02 6.442965650274192768e-01 2.137932142352132470e-01 2.917598387381125091e-01 6.738327643713643011e-01
1.748882785059428215e+09 -3.977363477202295883e+00 2.949704135153033313e+00 1.478212992745087107e-01 6.281245547505909244e-01 2.230565946420828283e-01 2.980370600429108618e-01 6.832855992533627409e-01
1.748882785460874081e+09 -3.934264751646976421e+00 3.108124101199510214e+00 1.676440569288579763e-01 6.225174143848181130e-01 2.191731945461794506e-01 2.997351052003135452e-01 6.889078648778951264e-01
1.748882786263771057e+09 -3.842812481586285855e+00 3.432118806214453421e+00 1.976001144595841419e-01 6.271084884138448112e-01 2.163493490624228688e-01 2.872526917359810583e-01 6.909513687735210352e-01
1.748882787066538095e+09 -3.748817924955551106e+00 3.734043131904696722e+00 1.325154186736701156e-01 6.398307096226639734e-01 2.155473382304009533e-01 2.588687130377512746e-01 6.907553817493758963e-01
1.748882788337709188e+09 -3.570683389777492778e+00 4.106692857522785900e+00 -4.824948871890466506e-02 6.884336400199575490e-01 1.638010320768199524e-01 2.252858521007250758e-01 6.696824844825269851e-01
1.748882789508476973e+09 -3.307062761439484078e+00 4.401066581906486697e+00 -1.003478588052548748e-01 7.020051081978218033e-01 1.147910395250845150e-01 2.108435779241294161e-01 6.704899931819015002e-01
1.748882789742613077e+09 -3.261647800990198576e+00 4.456115076586028678e+00 -8.658737163499585776e-02 7.018738038271151725e-01 1.033950127484986048e-01 1.951735289597583134e-01 6.771926819106863782e-01
1.748882789879264116e+09 -3.232238634653276321e+00 4.489782511804030207e+00 -7.938517385032239915e-02 7.015466258126235033e-01 9.415913164759903697e-02 1.837155950701873097e-01 6.820666901896764722e-01
1.748882791314786196e+09 -2.819641320332179291e+00 4.837665707111454161e+00 5.153561494512959307e-02 6.842364388941674092e-01 6.004558323495157168e-02 1.560036205341705229e-01 7.098435700938856563e-01
1.748882792117568016e+09 -2.574769127859513063e+00 5.077621843488842046e+00 3.708233390748438829e-02 6.786761531500100642e-01 8.831071725550820872e-02 1.522096501267091728e-01 7.130442614393771583e-01
1.748882793121078014e+09 -2.348316042424094974e+00 5.481934247089252032e+00 -1.140957703527512024e-03 6.913562400759317716e-01 8.761875236637883813e-02 1.435947531414481781e-01 7.026592704946517109e-01
1.748882793689573288e+09 -2.245760156747143910e+00 5.702997684834260284e+00 -6.070605860466704584e-03 6.954837878383248739e-01 5.187847764326836142e-02 1.568609319915142131e-01 6.992893338427420558e-01
1.748882793890449047e+09 -2.191641393088911371e+00 5.772105196916514913e+00 1.079456462144756657e-02 6.985737432274167213e-01 4.922254030445794015e-02 1.539387073946194839e-01 6.970471584942334875e-01
1.748882794157941103e+09 -2.135467922536280483e+00 5.849975622821780519e+00 2.591402105606155359e-02 6.921974430501837139e-01 7.473892424917061295e-02 1.510887458398285366e-01 7.017470939857263224e-01
1.748882794325215101e+09 -2.157974428115322141e+00 5.875492158104157703e+00 2.389362964051677807e-02 6.863922646989147891e-01 8.854606012553511984e-02 1.448460820344574795e-01 7.071385060347139540e-01
1.748882795362251043e+09 -1.864081637406750147e+00 6.063658660099126685e+00 5.185169631533881329e-02 6.802381422071505090e-01 8.280350909256062319e-02 1.473805150726324453e-01 7.132311214083749684e-01
1.748882795730251074e+09 -1.819809429139139567e+00 6.094331497153300248e+00 6.076160063899549435e-02 6.746316726403699393e-01 9.394841251378138747e-02 1.440485935475909196e-01 7.178410720720557192e-01
1.748882795964430094e+09 -1.793458182742432072e+00 6.104162070412614938e+00 6.502811943234831915e-02 6.741589003459441676e-01 9.329364276130291955e-02 1.435429465875230903e-01 7.184716388206601190e-01
1.748882796131625175e+09 -1.805386418797406023e+00 6.091304367954212928e+00 6.266691639073318498e-02 6.756680824237443206e-01 9.138651854055646062e-02 1.455679108383697018e-01 7.168899008613591750e-01
1.748882796566395998e+09 -1.770233025963969808e+00 6.118797026213279366e+00 7.177870214208947885e-02 6.817800673612138818e-01 8.103210457206921902e-02 1.476775906989662990e-01 7.118996186141051119e-01
1.748882797202039242e+09 -1.791869782934224276e+00 6.115584610550880207e+00 6.703107558066379035e-02 6.965791786766469817e-01 2.798608958431325622e-02 1.169407038697424100e-01 7.073323818420840237e-01
1.748882797436154127e+09 -1.761295530094161066e+00 6.095702105279480421e+00 7.484597681844107342e-02 6.987810222652517389e-01 4.924432334268313838e-03 1.103089046823837877e-01 7.067621795454873679e-01
1.748882797636952162e+09 -1.675959376915496790e+00 6.073339540110453072e+00 8.871371809643502360e-02 7.003362612245119800e-01 -1.181172836013910654e-02 1.132907188065418597e-01 7.046664582052388770e-01
1.748882798041207075e+09 -1.555991012364268400e+00 5.987373455365437636e+00 8.987771778861364247e-02 7.137516434638657703e-01 -2.461988864798103638e-02 1.149095876346519912e-01 6.904695787688446273e-01
1.748882798640342236e+09 -1.337571781339951471e+00 5.859407189565332352e+00 1.209140195272857543e-01 7.263724175665952076e-01 -1.131962166620315013e-02 1.052713877492477412e-01 6.790971300816558420e-01
1.748882798907783031e+09 -1.254015882414293515e+00 5.800958820053621956e+00 1.364937005251942725e-01 7.267558880849332992e-01 -1.825120043006800419e-02 1.193797205789348809e-01 6.761961661612972962e-01
1.748882799944954872e+09 -9.370330855418878002e-01 5.573925258007505157e+00 2.515933729453013745e-01 7.041856783546640575e-01 1.249063562138497119e-03 1.230060688837004423e-01 6.992785405388741715e-01
1.748882800078588009e+09 -8.976254613492393730e-01 5.526477178885435215e+00 2.617293655418743148e-01 7.031403402758826804e-01 2.666828415502364713e-03 1.230965602804252323e-01 7.003097791335244349e-01
1.748882800312873125e+09 -8.056204409386449328e-01 5.499482546890899215e+00 2.899242441375082802e-01 7.025309044320283691e-01 1.268929303810861775e-02 1.287488456651651736e-01 6.997950020541705562e-01
1.748882800714234114e+09 -6.561447425089497187e-01 5.552073454277498321e+00 3.192812581644804970e-01 6.880034895220294988e-01 7.739276412581330700e-02 1.319813049433183061e-01 7.093958652345921934e-01
1.748882801115750074e+09 -6.103289654622336968e-01 5.662775943914554411e+00 3.209139560539197022e-01 6.816777691596619393e-01 7.274011049650619398e-02 1.676168235171948684e-01 7.084694035965617420e-01
1.748882801550496101e+09 -5.331278808075250453e-01 5.847214978677150121e+00 3.428122475068170472e-01 6.634704348019311304e-01 8.967841059874748222e-02 1.639478979986793428e-01 7.244900631189039597e-01
1.748882801717764139e+09 -4.994351275298054560e-01 5.893997587505974245e+00 3.202522690754843193e-01 6.553007860476312008e-01 9.344813610937341419e-02 1.582167785550847583e-01 7.326771298782922548e-01
1.748882802319918156e+09 -4.467756469919201834e-01 6.049998099989585931e+00 1.622494306981835388e-01 6.778942007605316400e-01 9.070332263721259114e-02 1.587962298329746447e-01 7.120506423202233037e-01
1.748882802554382086e+09 -4.376451085864410118e-01 6.137549319649004076e+00 9.677388405703801766e-02 6.940569228063627749e-01 8.407650076446293586e-02 1.533803616734752684e-01 6.983484764619162233e-01
1.748882802955415249e+09 -4.387176345388645871e-01 6.264279077048111155e+00 -4.654276748462238267e-02 7.044452142156536478e-01 8.516771068396300493e-02 1.444600972393546012e-01 6.896627302755391486e-01
1.748882803390174150e+09 -4.722529976802523066e-01 6.326598823523013948e+00 -2.301693202084766909e-01 7.054466933633648518e-01 8.304994591407222071e-02 1.406751856516324228e-01 6.896797528188306492e-01
1.748882803591058969e+09 -4.873000151701649685e-01 6.336229216144070975e+00 -3.266125739804937034e-01 7.022644984118112665e-01 7.892172715653589243e-02 1.425427750132771954e-01 6.930205570865488607e-01
1.748882803925560236e+09 -5.736018085510732334e-01 6.288997182937690944e+00 -4.847798211827714088e-01 6.972383999937297183e-01 6.854891649262706554e-02 1.391084289182507316e-01 6.998632042233443595e-01
1.748882804360326052e+09 -5.965445194468763646e-01 6.176664529748406629e+00 -5.938989323983152602e-01 6.744591108743980268e-01 1.811338029613640543e-04 1.235747066690671414e-01 7.278970853223110105e-01
1.748882804527606010e+09 -5.421224868952521092e-01 6.108200314937371367e+00 -5.959967612147483162e-01 6.568058379852569351e-01 -2.479106366088701385e-02 1.218109547395224146e-01 7.437429567105102723e-01
1.748882804995963097e+09 -3.802616793489228542e-01 5.900151114044401623e+00 -5.757222339062744165e-01 6.547582668981003495e-01 -3.404412147617852380e-02 9.474685471050220409e-02 7.491032260269462340e-01
1.748882805163391113e+09 -3.272291558155018265e-01 5.850909523461133688e+00 -5.502463429552588714e-01 6.648239419283012985e-01 -2.048487572050372574e-02 9.890180940969767187e-02 7.401404786938204916e-01
1.748882805564590216e+09 -2.098278481919049199e-01 5.808058460321212202e+00 -5.028725250059504770e-01 6.943207808652949176e-01 1.380213386147277621e-02 1.332699261794205170e-01 7.070836450771643689e-01
1.748882805999481201e+09 -2.093968511435040369e-01 5.762660838644631411e+00 -4.460150386169898784e-01 7.194231779293422946e-01 1.817295271786600885e-02 1.485210904318636227e-01 6.782636069733435358e-01
1.748882806367335081e+09 -1.288259921924712614e-01 5.843096410357977000e+00 -3.798819245037357017e-01 7.228068698359003674e-01 1.795298011221579948e-02 1.461174009015856756e-01 6.751871033845978642e-01
1.748882806768754005e+09 -6.163753627210510899e-02 5.849972825908000829e+00 -3.373898196610298772e-01 7.115967160710275907e-01 1.512747897397492824e-02 1.267267927377860037e-01 6.908991193070196379e-01
1.748882807170245886e+09 4.834891456472156790e-02 5.739787467836686474e+00 -3.083462911691163821e-01 7.009968763081250165e-01 5.841790181355666078e-04 9.868248353015797447e-02 7.063036213877472713e-01
1.748882807337517262e+09 1.031147586799630034e-01 5.682355880264240433e+00 -2.971197207111462291e-01 7.017103306291874176e-01 -8.038148859573990279e-03 8.588404984650875595e-02 7.072212737419244499e-01
1.748882807805795193e+09 3.223099027278770734e-01 5.524894539017037864e+00 -2.486162032539667166e-01 7.102451345932127014e-01 -9.159624390924436810e-03 7.989400714898463318e-02 6.993460500277128844e-01
1.748882808173788071e+09 4.987103940949850767e-01 5.492280414262451060e+00 -1.803194846741491553e-01 7.139403931510923673e-01 2.307780427533945300e-02 1.044203409994995668e-01 6.919919958804729987e-01
1.748882809578698158e+09 4.332330962894612725e-01 6.016028578300254281e+00 -6.311638402343189291e-02 6.740841429365018733e-01 -2.726727678127016663e-02 5.967660972080852250e-02 7.357348476936005355e-01
1.748882809946449041e+09 5.389671862057348051e-01 6.050433155278717834e+00 -6.087195978141179964e-02 6.779676400777884249e-01 -9.025953521854435113e-02 1.824680827856144799e-02 7.293011375948426078e-01
1.748882810414949179e+09 6.993752637013646023e-01 5.962299449245296756e+00 -3.364292614792563363e-02 6.873689022731284126e-01 -1.051404423202700888e-01 6.287387690741079969e-04 7.186578353180970158e-01
1.748882810950098991e+09 8.295094100151061411e-01 5.822900193511652667e+00 1.464691735098044845e-02 7.111699615729852875e-01 -1.187983147640873094e-01 4.340918548074879785e-03 6.928963866204315147e-01
1.748882811987132072e+09 1.086737908403323516e+00 5.574584336772067772e+00 1.143139335258720468e-01 7.186079193931753650e-01 -8.600757354845134373e-02 2.368309866107964901e-02 6.896698241300168730e-01
1.748882812354880095e+09 1.154762494346938340e+00 5.554312371036132845e+00 1.346511217414110284e-01 7.222176615065456495e-01 -6.441976072270594322e-02 3.403198961916992227e-02 6.878179755713037524e-01
1.748882813224795103e+09 1.420265270393234580e+00 5.599944522272470415e+00 2.100850554756239497e-01 7.086871830324933397e-01 -8.339621897797422356e-02 1.457302073885732852e-02 7.004249955078643008e-01
1.748882813425327301e+09 1.473099160599224078e+00 5.615430429930490241e+00 2.264619770693053757e-01 7.043559542948829577e-01 -9.303169145259038153e-02 -9.944998278028323649e-05 7.037242244974345473e-01
1.748882813860298157e+09 1.612865370651731745e+00 5.641122468063089812e+00 2.677939882223561163e-01 6.995820689158754879e-01 -1.012804292396531913e-01 -7.186257114587443415e-03 7.073016055496392784e-01
1.748882815833745003e+09 2.291173610772064606e+00 5.723966505583827136e+00 4.978918426656115948e-01 6.963623654655176631e-01 -9.865218683273913047e-02 -6.616527752279926806e-04 7.108774607567692749e-01
1.748882816703627110e+09 2.588064647637938975e+00 5.826773653868206893e+00 4.688439284035564869e-01 7.009975467668547733e-01 -6.595104386549410780e-02 -2.760554065944877816e-02 7.095708797328161843e-01
1.748882817506395102e+09 2.827310701977256535e+00 6.010327271919553738e+00 3.058522806669125016e-01 7.103782206428815860e-01 -5.482273024786621374e-02 1.534470604076157429e-02 7.015139285010282277e-01
1.748882818108510017e+09 2.977851615066834157e+00 6.143791572554066605e+00 1.452376804824424550e-01 7.252334950294913041e-01 -7.763678518379557580e-02 1.988803968986855436e-02 6.838226181919754287e-01
1.748882818509892225e+09 3.087962313031372474e+00 6.234342913110896056e+00 3.709709366350932847e-02 7.300702574784532217e-01 -8.209545935029138874e-02 2.131285897432150245e-02 6.780881334618313883e-01
1.748882818710648060e+09 3.130112189896703256e+00 6.257697876148066385e+00 -1.549151993836095365e-02 7.246115440229663474e-01 -6.198728717403201305e-02 1.503030857149633727e-02 6.861995164102802081e-01
1.748882818948673248e+09 3.104977089942399182e+00 6.313039489214062883e+00 -1.098942286482649244e-01 7.174466442612746908e-01 -4.076130206583050697e-02 2.913400585138675378e-03 6.954137911985672771e-01
1.748882819078535080e+09 3.088930781560575767e+00 6.334748569694334641e+00 -1.694062094990074208e-01 7.147667726393296395e-01 -3.515290270138982098e-02 -1.826848636371336760e-03 6.984764826295036810e-01
1.748882819747628212e+09 3.006233487386198000e+00 6.359204632706758176e+00 -4.714004031864924560e-01 7.141019007232466409e-01 -5.229972880284528003e-02 -1.354316867258297322e-02 6.979540073191794480e-01
1.748882819914803028e+09 2.945742303661901929e+00 6.377456727847678586e+00 -5.194562891224021595e-01 7.147225773644412250e-01 -8.788929850073423644e-02 -3.589087503290805392e-02 6.929350284867629162e-01
1.748882820148812056e+09 2.954997692341897242e+00 6.336074912195777564e+00 -5.661026217194680132e-01 7.009962424066723541e-01 -1.211643313904358088e-01 -4.531380635807727431e-02 7.013345363546391598e-01
1.748882820316058874e+09 2.923866751291018140e+00 6.282874191926433483e+00 -5.816420976610552351e-01 6.764688828045756219e-01 -1.336114133721482133e-01 -4.010875530669153616e-02 7.231383882505297844e-01
1.748882820751077890e+09 2.891754578246072072e+00 6.065202929749532679e+00 -5.903090438771867454e-01 6.373214922621459610e-01 -1.223855414619601234e-01 -5.419405600343824014e-02 7.588847732269443647e-01
1.748882820884887218e+09 2.873250765622423764e+00 5.988869037804449569e+00 -5.838752271599358945e-01 6.387046859588336734e-01 -1.196135178714817782e-01 -6.060780035308346164e-02 7.576777844262010397e-01
1.748882821553794146e+09 2.858276969252078636e+00 5.707507302728751952e+00 -5.654461118264246799e-01 6.913482942501830708e-01 -1.156163993366479126e-01 -6.316045661781943821e-02 7.104091363162637895e-01
1.748882823928889275e+09 2.937706742789334413e+00 5.174107045713360442e+00 -4.226391666407252057e-01 7.006489074503478021e-01 -1.229420423099656379e-01 1.867226070248020550e-02 7.025864426542451913e-01
1.748882824965670109e+09 3.141324366543459590e+00 4.841809142116270337e+00 -3.735123901077204156e-01 7.151433798088313587e-01 -1.163407989471296755e-01 2.493644506234712205e-02 6.887764067704392756e-01
1.748882827942753077e+09 4.112051909102377500e+00 4.392968000715209875e+00 -1.866658141211128275e-01 6.948174406937874803e-01 -9.469467235502249114e-02 1.827342019717394239e-02 7.126904834846666814e-01
1.748882829816175222e+09 4.348156720701516598e+00 4.075413216254435866e+00 -1.460104029092830213e-01 6.820387701093745259e-01 -8.401037628768570631e-02 -1.360457116483032580e-02 7.263472230187942857e-01
1.748882830150743246e+09 4.316576983935528133e+00 3.972630673881074159e+00 -1.329828607576590827e-01 6.895838863318823897e-01 -1.029025247607625593e-01 -3.595905971905663089e-03 7.168488010518806464e-01
1.748882830552041054e+09 4.346043283272218005e+00 3.806444271076746766e+00 -1.101008416714410743e-01 7.090398130685104938e-01 -1.271112875946024401e-01 4.119092132769988125e-03 6.936052891449252522e-01
1.748882831154198170e+09 4.483092120706519523e+00 3.514689422902492311e+00 -1.162204383007054975e-01 7.375173251196461832e-01 -1.163138411235412617e-01 -1.121042440544084938e-02 6.651417983378427046e-01
1.748882832191119194e+09 4.726332778708994375e+00 3.095376826636944578e+00 -6.053294788282648220e-02 6.989177400952949482e-01 -1.180452297895678848e-01 1.572671444378339126e-02 7.052176874957245545e-01
1.748882832391840219e+09 4.781117809457499312e+00 3.030574208313995044e+00 -5.215954052390681106e-02 6.955399400731836490e-01 -9.987824625981212012e-02 2.637498866681482756e-02 7.110224241610683116e-01
1.748882832625986099e+09 4.803304918749089936e+00 2.943509147695660744e+00 -6.034189822644386858e-02 6.968174594136988809e-01 -8.003593466994018968e-02 3.473711831105736475e-02 7.119220533381384053e-01
1.748882832960492134e+09 4.905476182528364149e+00 2.915779528515881402e+00 -3.268847974189026395e-02 7.055314955868544624e-01 -7.192124476695527235e-02 4.149251827282710026e-02 7.037975662173940883e-01
1.748882833194652081e+09 4.993514005691984003e+00 2.922178954299085696e+00 3.310416795098802822e-03 7.075126506153421868e-01 -7.049349170547680732e-02 4.233972365202007954e-02 7.019001813986752714e-01
1.748882833395354271e+09 5.062484955121095531e+00 2.913699970476950618e+00 3.744772355328862545e-02 7.043981632518657721e-01 -7.439919202521438901e-02 4.014769904040371012e-02 7.047525452917178246e-01
1.748882833595865250e+09 5.121847485144113143e+00 2.907173475965820764e+00 7.382546555378266540e-02 7.016510758552443328e-01 -7.474685855261020695e-02 2.833176342113635435e-02 7.080225886715363348e-01
1.748882833796741962e+09 5.166337415458713167e+00 2.873345907424646128e+00 1.075666173679883375e-01 6.975039823346059764e-01 -7.756151858305004865e-02 3.860866075841679849e-03 7.123605120833140791e-01
1.748882833964063168e+09 5.197815301926150156e+00 2.840631832955974545e+00 1.280832410488998985e-01 6.957490279334359595e-01 -8.262127082420345214e-02 -1.487382280940091096e-02 7.133623098623217418e-01
1.748882834198156118e+09 5.235907110188540159e+00 2.791548900961656088e+00 1.457454527828934143e-01 6.949239781354173973e-01 -9.943973224670543676e-02 -3.287135262474293745e-02 7.114154049778291800e-01
1.748882834432282925e+09 5.287570565742595541e+00 2.734691730170280444e+00 1.591199985045432808e-01 6.927619284479604733e-01 -1.181888458017044119e-01 -2.722036888258960730e-02 7.108947592569656582e-01
1.748882834599660158e+09 5.361073635988143238e+00 2.735733352837358190e+00 1.774969407176596459e-01 6.938853078519515716e-01 -1.257444939630965042e-01 -1.769341972193317139e-02 7.088007087212251367e-01
1.748882835034412146e+09 5.430468798620752935e+00 2.658956163924750093e+00 2.029603958814450992e-01 6.922382869176727516e-01 -1.493660226942475910e-01 -2.723608925512748316e-02 7.055169316408170799e-01
1.748882835435787201e+09 5.489987690993642921e+00 2.452114461834447035e+00 2.191597816732082649e-01 6.948507058621159471e-01 -1.680991451549785909e-01 -5.993866476973396668e-02 6.966581158837567012e-01
1.748882835870682240e+09 5.537185203089727281e+00 2.247987711681993517e+00 2.471564222888740225e-01 7.033762499950049207e-01 -1.800629522428224272e-01 -7.792691745650372204e-02 6.832031760086382244e-01
1.748882836004438162e+09 5.559160426549377476e+00 2.181318903335814241e+00 2.596963487425372197e-01 7.046869989538123713e-01 -1.832537003201710757e-01 -7.928776850940517928e-02 6.808434214922206573e-01
1.748882836472690105e+09 5.658474101803125045e+00 1.951359289699801325e+00 3.213319662701693558e-01 7.041049680332308602e-01 -1.610759916622181986e-01 -5.691641582498807583e-02 6.892396103755160652e-01
1.748882836640004158e+09 5.652049652648459599e+00 1.870382823045930065e+00 3.258302320618997605e-01 7.048635551533654064e-01 -1.501357483777479018e-01 -5.437454251511460168e-02 6.911367699680606158e-01
1.748882836874198198e+09 5.651252201063137193e+00 1.752457926510831543e+00 3.385557959708899167e-01 6.996536364534499119e-01 -1.492824993665182731e-01 -6.434507149758718347e-02 6.957436569271182591e-01
1.748882837074686050e+09 5.659476974641623137e+00 1.648686612830969400e+00 3.422241601810057654e-01 6.949433065571960499e-01 -1.435049432557048421e-01 -7.906075021936220804e-02 7.001496480805222689e-01
1.748882837241981983e+09 5.655125475077562136e+00 1.551171352765691180e+00 3.281654344272588730e-01 6.980276753609003793e-01 -1.383340053350428089e-01 -8.961995315939100260e-02 6.968424006860735043e-01
1.748882837643493176e+09 5.636627143519576499e+00 1.312002793692875313e+00 2.352822037918650411e-01 7.185114568689648928e-01 -1.467949143766150710e-01 -9.911807175065591446e-02 6.725831898833273259e-01
1.748882837877720118e+09 5.677286792957605854e+00 1.229258217851589174e+00 1.825559969570544894e-01 7.278941114759740483e-01 -1.535769552772123792e-01 -1.008062955252030379e-01 6.606227153745691805e-01
1.748882838245623112e+09 5.782555689508927621e+00 1.182169312118096505e+00 1.171848940687953977e-01 7.222594815810630120e-01 -1.513365443842639158e-01 -1.075998939407751126e-01 6.662287553265904272e-01
1.748882838446408987e+09 5.705490549893108110e+00 1.091786506600142426e+00 6.043021482844901371e-02 7.062077573321734469e-01 -1.435449560266996993e-01 -1.259860566191664810e-01 6.817572607759354586e-01
1.748882838613619089e+09 5.647448116685950481e+00 1.036891667896461700e+00 -1.822796452525476951e-03 6.960000955763101516e-01 -1.541763916437541848e-01 -1.360666332510099830e-01 6.879675708441599369e-01
1.748882839081881285e+09 5.671955062188846597e+00 1.051412751113390387e+00 -1.900376970322810166e-01 7.207231758450043380e-01 -1.606711369845923443e-01 -1.308989187684526656e-01 6.615197371244634361e-01
1.748882839249125242e+09 5.721623781220241511e+00 1.124178920273851245e+00 -2.446041522228690202e-01 7.350922943899295126e-01 -1.594946186240685515e-01 -1.139952667443550061e-01 6.490037476921035609e-01
1.748882839449887991e+09 5.750958706244550633e+00 1.203444638070067851e+00 -3.060596899225618284e-01 7.427154272409610680e-01 -1.583284293998877823e-01 -9.570112920503330567e-02 6.435426920188922484e-01
1.748882839650418043e+09 5.750578463811487850e+00 1.288938904308688960e+00 -3.697519738188406180e-01 7.418362329176744208e-01 -1.547434874574242780e-01 -9.132161871764443717e-02 6.460602282874382540e-01
1.748882839851276159e+09 5.757319041158778461e+00 1.389453816418084520e+00 -4.207868441162339046e-01 7.369024563540893524e-01 -1.504341914028513028e-01 -1.004221809088579886e-01 6.513522161302504054e-01
1.748882840051902056e+09 5.757610214816817340e+00 1.435576145267600578e+00 -4.716025750594872168e-01 7.313349691163633093e-01 -1.414238629233915967e-01 -1.073223705341416340e-01 6.585061599759912676e-01
1.748882840252652168e+09 5.747411640689655599e+00 1.473211156712540548e+00 -5.096302621767541119e-01 7.320585720913762584e-01 -1.240122837488305541e-01 -1.076707625808253355e-01 6.611491566902268913e-01
1.748882840453340054e+09 5.736662340617854738e+00 1.517439939981430674e+00 -5.228260054920192967e-01 7.268624745127583164e-01 -1.144026803178143092e-01 -9.882949317033921932e-02 6.699370874649229757e-01
1.748882840654036045e+09 5.700908134879593803e+00 1.536458176703349610e+00 -5.322509623186810757e-01 7.147706821461534688e-01 -1.127020985700254441e-01 -8.507893800061096246e-02 6.849545117968952601e-01
1.748882840854788303e+09 5.666326439640187118e+00 1.575598215126939872e+00 -5.413670688707865608e-01 6.993093663957704598e-01 -1.283136219038504278e-01 -7.139590035358737985e-02 6.995746206930049116e-01
1.748882841055301189e+09 5.637897710960343645e+00 1.617928808350465930e+00 -5.504525178945394170e-01 6.803360385957051282e-01 -1.423317423303415152e-01 -7.112276631814330730e-02 7.154202274358529845e-01
1.748882841256261110e+09 5.580639880416267573e+00 1.618769371907019972e+00 -5.713349554478768244e-01 6.680299002536457253e-01 -1.469717477653348370e-01 -7.802078236265747035e-02 7.252917449174680620e-01
1.748882841423427105e+09 5.537116579194053756e+00 1.631467420285999781e+00 -5.916312769993508081e-01 6.644077596324569068e-01 -1.489077319579037439e-01 -8.122173300435760190e-02 7.278680144030930110e-01
1.748882841690981150e+09 5.458091717353235950e+00 1.650884439962089223e+00 -6.479386571938627881e-01 6.612347002227015880e-01 -1.586875723690820417e-01 -7.482421006424430643e-02 7.293752553968796404e-01
1.748882841891564131e+09 5.419909969618368351e+00 1.668807744355737865e+00 -7.143495799069352614e-01 6.596050638470409844e-01 -1.758828955440796538e-01 -6.467862464638786391e-02 7.278757052658255677e-01
1.748882842058819294e+09 5.412291649715747610e+00 1.680975871344831285e+00 -7.811929057079431971e-01 6.615591085313784481e-01 -1.861151406686131216e-01 -5.920022133230974648e-02 7.240138355910579193e-01
1.748882842460336924e+09 5.477536802585673215e+00 1.699482463144458722e+00 -9.403275531743975346e-01 6.743015039060037408e-01 -1.763141942491370795e-01 -5.774138463528622617e-02 7.147703961670338613e-01
1.748882842694466114e+09 5.496570418009178560e+00 1.722654194151880036e+00 -9.955946451545669706e-01 6.813106162778386210e-01 -1.429224847541460397e-01 -8.220364662003082357e-02 7.131841052499572342e-01
1.748882842895219088e+09 5.465132123596550429e+00 1.735765276709809291e+00 -1.047730098107271912e+00 6.797631030550287390e-01 -1.188108272873571458e-01 -1.129529979736371981e-01 7.148760251211815353e-01
1.748882843062479258e+09 5.410509918111819694e+00 1.721535352053291001e+00 -1.093373392966811908e+00 6.821103145507682042e-01 -1.205509842158426492e-01 -1.207118617199502975e-01 7.110707597898733301e-01
1.748882843263235092e+09 5.377748928431357989e+00 1.709951097980134671e+00 -1.131522156937779799e+00 6.821366461851835483e-01 -1.357834850874028998e-01 -1.170792645373077839e-01 7.089040040260401465e-01
1.748882843463703156e+09 5.380229648177237145e+00 1.758632673373725863e+00 -1.145507586183802884e+00 6.890692240706183247e-01 -1.490538390948524805e-01 -1.115708560018325579e-01 7.003702603486386957e-01
1.748882843664601088e+09 5.362303813987819190e+00 1.817994986735013585e+00 -1.149703254323926727e+00 6.951221143693160354e-01 -1.586856762529225140e-01 -1.116874280492429067e-01 6.922066314928144726e-01
1.748882843865241289e+09 5.343774388479515025e+00 1.892335973984013764e+00 -1.141661261690505524e+00 6.988897609221517149e-01 -1.686803729027928078e-01 -1.092025649879475035e-01 6.864217607823964729e-01
1.748882844065988302e+09 5.318663925011081872e+00 1.974780911741379041e+00 -1.124422539494036810e+00 7.001834052563407074e-01 -1.753205423364063709e-01 -1.041803898623096247e-01 6.842165978742696941e-01
1.748882844266618252e+09 5.289787613181109016e+00 2.060735484866555112e+00 -1.104723379117767523e+00 6.987993210495661023e-01 -1.789959075953334589e-01 -9.892944242052921500e-02 6.854581966736934540e-01
1.748882844467383146e+09 5.249595708199745303e+00 2.125498994837470512e+00 -1.086619264669323792e+00 6.941933680175981225e-01 -1.785022507503147837e-01 -9.057873323309220681e-02 6.913956952160927871e-01
1.748882844668154955e+09 5.199672566330981738e+00 2.172597390695298003e+00 -1.073622690732547680e+00 6.893735317754086100e-01 -1.695201767841855167e-01 -7.838031502751308111e-02 6.999168304639817872e-01
1.748882844868602991e+09 5.117276299071519041e+00 2.194340951621295055e+00 -1.072573497813572585e+00 6.811367203065790132e-01 -1.572164612104556269e-01 -7.180582249635436565e-02 7.114630534539939655e-01
1.748882845102899075e+09 5.006659301892383063e+00 2.169115744252487765e+00 -1.097914713044295665e+00 6.708531708510647729e-01 -1.525675114350071304e-01 -6.440763553721740031e-02 7.228629428170365578e-01
1.748882845504427195e+09 4.874631347029986905e+00 2.086220054265324642e+00 -1.193819837738211431e+00 6.741953699240358366e-01 -1.578786247313352931e-01 -4.805378619933488998e-02 7.198790014008206173e-01
1.748882845704896212e+09 4.812113787477503735e+00 2.019614862544119482e+00 -1.247239640844705066e+00 6.855143318930781993e-01 -1.604260254135255748e-01 -4.628339554223744740e-02 7.086546679704343044e-01
1.748882845872160196e+09 4.768432289447848582e+00 1.954280124196505541e+00 -1.287907099162656221e+00 6.949533001934036225e-01 -1.578165951154139046e-01 -4.585456155830913705e-02 7.000222796745613207e-01
1.748882846073054075e+09 4.717966149154037225e+00 1.871841307275001975e+00 -1.318392801734615594e+00 7.029632070226043972e-01 -1.430531466158153631e-01 -5.841528283895819351e-02 6.942378422029824581e-01
1.748882846273675203e+09 4.653407349603720711e+00 1.801148020650171988e+00 -1.332303827861397449e+00 7.069657972959650927e-01 -1.359670863371719163e-01 -7.338672797021711380e-02 6.901642565683081543e-01
1.748882846474413157e+09 4.607850268314128250e+00 1.756689977458524732e+00 -1.327798777367185545e+00 7.091042535591709495e-01 -1.436497783823655894e-01 -7.724222961117753472e-02 6.859807116236451563e-01
1.748882846675060987e+09 4.553562505346718581e+00 1.724761985347208926e+00 -1.308493359422663316e+00 7.094136329712404931e-01 -1.519737112167338644e-01 -7.701336228857584565e-02 6.838897794839217115e-01
1.748882846875809193e+09 4.485468804765407214e+00 1.702239891085925771e+00 -1.282782824319761650e+00 7.087615854922030278e-01 -1.595067274027307525e-01 -7.869328648692146266e-02 6.826580296940313319e-01
1.748882847076573133e+09 4.408321705586816464e+00 1.710739756864858352e+00 -1.253963011403788519e+00 7.087712978008187115e-01 -1.669434063446256777e-01 -8.215357923241513316e-02 6.804586217479352550e-01
1.748882847280678034e+09 4.324756920996770226e+00 1.758995056723536843e+00 -1.221178000561047972e+00 7.031911227583700352e-01 -1.850192009301361296e-01 -9.486200556270996120e-02 6.799200982921574932e-01
1.748882847511327028e+09 4.242967521532644781e+00 1.815956522096713543e+00 -1.201698317687015960e+00 6.949076145575573404e-01 -2.046647905162727321e-01 -1.075831624666697267e-01 6.809123246839680066e-01
1.748882847712078094e+09 4.185008224731772586e+00 1.891014392006560518e+00 -1.199079483448047823e+00 6.932887927159285812e-01 -2.143119786128608872e-01 -1.160804867535641105e-01 6.781934431359437632e-01
1.748882847946092129e+09 4.137675262361126372e+00 1.995933307110693056e+00 -1.210999831672085802e+00 6.924913782118756744e-01 -2.246239432542023184e-01 -1.271333072195416636e-01 6.736741774883250322e-01
1.748882848514832020e+09 4.085525130030035257e+00 2.132169142853443056e+00 -1.277197656687552696e+00 6.873165035414549040e-01 -1.993102479246706693e-01 -8.977247673515206805e-02 6.926848861153185322e-01
1.748882848916239262e+09 4.082485202851618311e+00 2.147930019408235580e+00 -1.369328915391060830e+00 6.882593290420072618e-01 -1.739065524076538471e-01 -3.127730845112672992e-02 7.036173228342114117e-01
1.748882849317752123e+09 4.057425200420615496e+00 2.153897836131326571e+00 -1.462092808718905124e+00 7.053662928919770536e-01 -1.640123597964198154e-01 -4.216919159720074195e-02 6.883168586965436875e-01
1.748882849518261194e+09 4.041835210606912199e+00 2.170909429667886137e+00 -1.504331750123282019e+00 7.165197591339386163e-01 -1.605499661951017565e-01 -5.168422403348469502e-02 6.768691779889604021e-01
1.748882849719148159e+09 4.011415507044048034e+00 2.196288877141703288e+00 -1.546373580135815606e+00 7.234522476005680325e-01 -1.583978819062202836e-01 -6.145199259072495201e-02 6.691416957983851166e-01
1.748882849919760942e+09 3.972773230034927217e+00 2.215292780821926044e+00 -1.596769343240842742e+00 7.254162757741605683e-01 -1.599500157306853465e-01 -6.708866544857285119e-02 6.660978383676303682e-01
1.748882850087061167e+09 3.934685648275507930e+00 2.239045853961019183e+00 -1.644501581505630083e+00 7.240312550381975409e-01 -1.647235980625082474e-01 -7.272323726893960283e-02 6.658499896600427181e-01
1.748882850321290016e+09 3.875846822586723306e+00 2.237947421021547534e+00 -1.722192574166196755e+00 7.173304216304466907e-01 -1.799865725879560285e-01 -8.127228080587661774e-02 6.681591997900924174e-01
1.748882850521782160e+09 3.832134259108004315e+00 2.207546139220266213e+00 -1.793516957879330631e+00 7.118892661283973133e-01 -1.828651062297114160e-01 -8.341226257214356954e-02 6.729163544953888909e-01
1.748882850722661972e+09 3.787164095587359114e+00 2.149888127506592639e+00 -1.866890344065399665e+00 7.066593581554392323e-01 -1.802533263247297901e-01 -8.354030063626040337e-02 6.790893225856348137e-01
1.748882850923151970e+09 3.733339725182559299e+00 2.090545296420592614e+00 -1.939141028396283994e+00 7.028366741304962195e-01 -1.780455172281688592e-01 -8.033664106983737230e-02 6.840076223213839013e-01
1.748882858616955996e+09 -2.262456953999159026e-01 2.781791269844957171e+00 -1.993437589334094318e+00 7.183728082264556614e-01 -2.802243518984015580e-02 6.671808543936720570e-02 6.918843462618390339e-01
1.748882858817504168e+09 -3.044630498189970780e-01 2.842508621850243777e+00 -1.899607506468536711e+00 7.184541675848014064e-01 -3.073644869812264258e-02 6.845213795216545383e-02 6.915151369357256383e-01
1.748882859018388033e+09 -2.980572999714876659e-01 2.842237055629817988e+00 -1.794343161447695012e+00 7.183556035798625006e-01 -3.961823957433574517e-02 7.190339997342044820e-02 6.908151148973977751e-01
1.748882859218989134e+09 -3.158144519522956273e-01 2.859261167865519759e+00 -1.698109193792835869e+00 7.101163429852581643e-01 -2.916918116312383624e-02 7.900495840069914066e-02 6.990294377518158075e-01
1.748882859419716120e+09 -3.521233667555225821e-01 2.777844690019782625e+00 -1.641515104846786199e+00 6.984548962458727583e-01 -1.903465325086584059e-02 8.569158686343741893e-02 7.102502318384783520e-01
1.748882859620353222e+09 -4.020551055074097491e-01 2.693282643199607307e+00 -1.602342083598444988e+00 6.947490791620769546e-01 -9.836431157728475760e-03 9.202611116633174770e-02 7.132728485573578414e-01
1.748882859854615211e+09 -4.249418878296165047e-01 2.631993470884965269e+00 -1.580647740997570994e+00 7.062383146212194429e-01 -2.358797086896013973e-02 1.052528229237085777e-01 6.997091494741617401e-01
1.748882860055143118e+09 -4.289149232949363011e-01 2.602584704268868343e+00 -1.574859463406460991e+00 7.338885190360684430e-01 -7.439219886378134472e-02 7.724051538704540532e-02 6.707513288529521889e-01
1.748882860222387075e+09 -4.349503488599566481e-01 2.583491243468905019e+00 -1.574821276708632256e+00 7.529622232346165900e-01 -1.204212843680891876e-01 2.479669852332758856e-02 6.464763943061390128e-01
1.748882860423249960e+09 -4.339472622217552811e-01 2.587565064684152816e+00 -1.553405288494775549e+00 7.509668636332057501e-01 -1.777132671204736392e-01 -5.437680866770523702e-02 6.336481098317815475e-01
1.748882860623885155e+09 -4.339468380671611669e-01 2.591637316640305500e+00 -1.513898372746114385e+00 7.237331837523275357e-01 -2.285447434006535605e-01 -1.265476780908354471e-01 6.387200201727415427e-01
1.748882861058768988e+09 -3.878081747468886675e-01 2.573943361025860632e+00 -1.480331494446354368e+00 6.499792664668546660e-01 -3.064233655196763051e-01 -2.252030379268952776e-01 6.579629669938126257e-01
1.748882861861521006e+09 -2.349487042720781460e-01 2.240661107271161079e+00 -1.490344058817436812e+00 6.842964979162929895e-01 -2.512214057088658636e-01 -1.350948211465423099e-01 6.711002142396781389e-01
1.748882862263106108e+09 -2.615046100939721896e-01 2.178125959422557933e+00 -1.474603672004014543e+00 7.161354592564271870e-01 -2.181993188428088537e-01 -1.277281878311158358e-01 6.505571237681586627e-01
1.748882862463535309e+09 -2.957674669072964946e-01 2.160999359346075011e+00 -1.493590359519258781e+00 7.396398212134509542e-01 -1.986862734286685139e-01 -1.480297115733537616e-01 6.257346914770446356e-01
1.748882862898570061e+09 -3.218604205626558468e-01 2.171373143755212176e+00 -1.518423798917156953e+00 7.406010034102519235e-01 -2.225189125162828629e-01 -1.581131167439525365e-01 6.139997798320548927e-01
1.748882863299931049e+09 -3.519206431349974906e-01 2.112511676235825142e+00 -1.519380092438321173e+00 7.085466942022712322e-01 -2.576682714064634228e-01 -1.526428297901768205e-01 6.389591618868025735e-01
1.748882863768207312e+09 -3.899192945486014139e-01 1.921168298405534491e+00 -1.555710326804441435e+00 6.618315881805850731e-01 -3.151539073680976744e-01 -1.248760586161839770e-01 6.686276493994789405e-01
1.748882864169650078e+09 -4.092747675035433019e-01 1.737439838320440133e+00 -1.654354511405492945e+00 6.834743407529249026e-01 -3.032871841026212323e-01 -1.493289802123816123e-01 6.469780252529356845e-01
1.748882864370214939e+09 -3.918725121925170640e-01 1.651628146577667211e+00 -1.708019952778076833e+00 6.912957730642860232e-01 -2.962510661684858437e-01 -1.615112233920078799e-01 6.389519423680491972e-01
1.748882864604460239e+09 -3.674969647238057746e-01 1.553253747123280570e+00 -1.770514752926346747e+00 6.943423558929715522e-01 -2.933091258669829893e-01 -1.677870571547821765e-01 6.353785902495311388e-01
1.748882864771706104e+09 -3.578031443412186263e-01 1.473200084221379713e+00 -1.811021999256540616e+00 6.927467469243510090e-01 -2.926758949964267664e-01 -1.681486308160627663e-01 6.373137399024541017e-01
1.748882865005973101e+09 -3.246086501653877576e-01 1.356788198735615625e+00 -1.861724981026094516e+00 6.926089977944325238e-01 -2.877702995870592417e-01 -1.634461116002872416e-01 6.409106017632351104e-01
1.748882865206486225e+09 -2.957825784296179705e-01 1.262643019173579129e+00 -1.901640350230176191e+00 6.958252845673472686e-01 -2.787420910673837904e-01 -1.567564118023298259e-01 6.430843236955871012e-01
1.748882865340372086e+09 -2.750269213852920558e-01 1.208188945419325089e+00 -1.926821518090197083e+00 6.999094244380563712e-01 -2.720864077054708785e-01 -1.511146358472155449e-01 6.428531334274451003e-01
1.748882865607866287e+09 -2.299867207832910765e-01 1.127556439452581882e+00 -1.971251894306269348e+00 7.052302887492661876e-01 -2.623681099818521156e-01 -1.357515583042231411e-01 6.445034748650717571e-01
1.748882865976017952e+09 -1.930397190260002560e-01 1.056475663845329427e+00 -2.044183283853018729e+00 6.979912230005160811e-01 -2.632084149441588083e-01 -1.197241953479236676e-01 6.551302923580313298e-01
1.748882866176617146e+09 -1.525277731037117945e-01 1.018609674196352399e+00 -2.096059079004763070e+00 6.939328415950131168e-01 -2.666376884020842386e-01 -1.175951874912324613e-01 6.584321729368676213e-01
1.748882879924822092e+09 -4.266773519848056750e+00 -4.684879563174597195e+00 -2.952274021932253412e+00 2.112511756559810605e-01 -6.956168611743618335e-01 -6.807575257045428430e-01 8.977368451012594786e-02
1.748882880125449181e+09 -4.286102556757160897e+00 -4.771796640334343920e+00 -2.914110473208877394e+00 2.154092576387237057e-01 -6.967194085283981986e-01 -6.774826605464316920e-01 9.590704959648060912e-02
1.748882880326196194e+09 -4.295823168908103895e+00 -4.863827858739732335e+00 -2.874605183244381301e+00 2.213858722675309809e-01 -6.942950371426619416e-01 -6.770878757309369833e-01 1.024436698756042430e-01
1.748882880526828051e+09 -4.318501991010593954e+00 -4.937198309969607735e+00 -2.848119137865280592e+00 2.253705180984532652e-01 -6.892703691938566468e-01 -6.794994980632380610e-01 1.113324743963175073e-01
1.748882880727593184e+09 -4.332393986651347007e+00 -4.992799448087382963e+00 -2.832663614508805772e+00 2.274911198720729333e-01 -6.867687391010248721e-01 -6.807077622973294329e-01 1.150366538156459562e-01
1.748882880928602219e+09 -4.328152161431974676e+00 -5.085818820226558401e+00 -2.813785794236470572e+00 2.237736359294622279e-01 -6.909398434579592241e-01 -6.776444372277941053e-01 1.154361697191374631e-01
1.748882881128843069e+09 -4.344955649073664716e+00 -5.182955450981548751e+00 -2.793360848456727830e+00 2.203930092800356899e-01 -6.950898655072101917e-01 -6.735739634298697487e-01 1.207274455914433692e-01
1.748882881329722166e+09 -4.343790485623514996e+00 -5.250687504311592591e+00 -2.764112683865307396e+00 2.242474684018464226e-01 -6.981310369031774599e-01 -6.698834944279038472e-01 1.165428338462640573e-01
1.748882881530351162e+09 -4.329619464186297506e+00 -5.359392290647397417e+00 -2.703085926192289712e+00 2.249680946127969317e-01 -7.050188140771691536e-01 -6.639984295757352939e-01 1.069762297170120946e-01
1.748882881731126070e+09 -4.324077257913417682e+00 -5.455669837203798167e+00 -2.623880630810154990e+00 2.225662649474241250e-01 -7.048081664211770514e-01 -6.662976996470297841e-01 9.877794135558787270e-02
1.748882881931865215e+09 -4.348164334828373612e+00 -5.524961289664386044e+00 -2.546344016517047670e+00 2.166424538257372689e-01 -7.008076508379081915e-01 -6.730312548537336070e-01 9.467636303441478995e-02
1.748882882132502079e+09 -4.370154530509388735e+00 -5.596402707910463015e+00 -2.468430701977228914e+00 2.106969698324723805e-01 -6.972627012175629524e-01 -6.793681397571919023e-01 8.882816601199260143e-02
1.748882882333318949e+09 -4.393452325526526536e+00 -5.668605229110474042e+00 -2.393722195524454754e+00 2.038142869774328680e-01 -6.944569337660940755e-01 -6.851089292709321432e-01 8.255336820089202721e-02
1.748882882500554085e+09 -4.413943516549938550e+00 -5.725559049915948329e+00 -2.344473663441291045e+00 1.986209576696217061e-01 -6.921266550309103094e-01 -6.892117832864635973e-01 8.060723509226024042e-02
1.748882883136021137e+09 -4.479840795624991046e+00 -5.972204458458397092e+00 -2.247650476358059812e+00 2.024183914469616652e-01 -6.640418841079562817e-01 -7.108427017396556913e-01 1.130390389991289546e-01
1.748882883604310036e+09 -4.474561692865371754e+00 -6.100694002783504821e+00 -2.268489368385002258e+00 2.271413477017253657e-01 -6.682462141345401063e-01 -6.965742100542843263e-01 1.289890512654011390e-01
1.748882883972294092e+09 -4.448997641689816263e+00 -6.250708825605703289e+00 -2.277900677248258177e+00 2.319644421841692561e-01 -6.979829196164024641e-01 -6.657173686176919292e-01 1.258281630108530613e-01
1.748882884373669147e+09 -4.460656035549650511e+00 -6.408176398666816986e+00 -2.262751795553389123e+00 2.372142772024739277e-01 -7.345470834929459514e-01 -6.244638121226114835e-01 1.192263233208637613e-01
1.748882884574409008e+09 -4.471059332742822079e+00 -6.481895571190337435e+00 -2.247360819603016147e+00 2.394354096109627128e-01 -7.466914552530158344e-01 -6.100776196634950521e-01 1.137007179497431242e-01
1.748882884774919033e+09 -4.485928217703317955e+00 -6.546654030880525887e+00 -2.226517330146301710e+00 2.403128339176190120e-01 -7.513053893209800105e-01 -6.047512563334815905e-01 1.098447622547813196e-01
1.748882884975823879e+09 -4.499425241855465885e+00 -6.603136277878202343e+00 -2.203120939853271842e+00 2.362664482681561262e-01 -7.506207634456647515e-01 -6.077004372669020382e-01 1.069897820009654832e-01
1.748882885176406145e+09 -4.512955466326433296e+00 -6.663222596712706114e+00 -2.183167726575214296e+00 2.241562752621401589e-01 -7.485008504318313438e-01 -6.140100115460561669e-01 1.117682731576407629e-01
1.748882885377206087e+09 -4.529599251052358611e+00 -6.721839455457416790e+00 -2.167320636319813865e+00 2.131246063137993974e-01 -7.452044505616982617e-01 -6.201374499696618026e-01 1.211518559154199787e-01
1.748882885577957153e+09 -4.544464797672032930e+00 -6.803797209272535618e+00 -2.152113017909308645e+00 2.093990283928992280e-01 -7.419572796594883224e-01 -6.229822306644864360e-01 1.324559637943943102e-01
1.748882885778474092e+09 -4.542932247149238378e+00 -6.891334814282985555e+00 -2.134728932293822545e+00 2.140014662735224837e-01 -7.367628731737692060e-01 -6.255504362882819969e-01 1.416703667146194667e-01
1.748882885979341269e+09 -4.531176954130131662e+00 -6.975280551823911601e+00 -2.116729076509395568e+00 2.225455511051250834e-01 -7.292751328959687918e-01 -6.299852514293803329e-01 1.474782736688485252e-01
1.748882886179941177e+09 -4.520005432975496618e+00 -7.064696703930690269e+00 -2.096739803816924486e+00 2.308957688012315546e-01 -7.209945691673907975e-01 -6.353364678350578165e-01 1.523205429995888871e-01
1.748882886347345114e+09 -4.501046844380221401e+00 -7.139242903923228134e+00 -2.079416959073877358e+00 2.392402531811230748e-01 -7.129865586786187093e-01 -6.408579554615180252e-01 1.539978873982891516e-01
1.748882886581411123e+09 -4.455130998405207876e+00 -7.248420981722031975e+00 -2.054945927739485256e+00 2.474214764279835665e-01 -7.045295319953384094e-01 -6.487526209999415761e-01 1.467678040114127058e-01
1.748882886815623999e+09 -4.397078652350696615e+00 -7.359191221787502180e+00 -2.027211831925447960e+00 2.500006991555497882e-01 -6.963458478706247012e-01 -6.599852347869693547e-01 1.304668557077452440e-01
1.748882886982862234e+09 -4.354405606726816202e+00 -7.398502263938698142e+00 -2.016214707937523443e+00 2.443521758467365745e-01 -6.939107376906887836e-01 -6.683813584055763313e-01 1.097554646131414097e-01
1.748882887216995239e+09 -4.278597857993322151e+00 -7.482872604855853815e+00 -1.994555739143840656e+00 2.176874961174142808e-01 -7.031756923941707704e-01 -6.738555884740815571e-01 6.383373357683602700e-02
1.748882887584879160e+09 -4.210663187418024478e+00 -7.648932714854149495e+00 -1.964579438349886908e+00 1.733385433233342043e-01 -7.093952634922916500e-01 -6.828611877091945725e-01 2.031521236992049270e-02
1.748882887986377001e+09 -4.273680477298464453e+00 -7.802324973854581458e+00 -1.975397582731276414e+00 1.568691605499022423e-01 -7.141251766881083762e-01 -6.811675563026102775e-01 3.778966431813383930e-02
1.748882888387762070e+09 -4.284987996809823230e+00 -7.959317198109692626e+00 -1.988424286326748058e+00 1.598298284898591604e-01 -7.283825183213892274e-01 -6.629007365732026980e-01 6.690251399908894725e-02
1.748882888621910095e+09 -4.285667763031600686e+00 -8.032303472506891140e+00 -1.985514261642476130e+00 1.626728594041622344e-01 -7.396871956637527390e-01 -6.485264710832513435e-01 7.624834220277529329e-02
1.748882888822598934e+09 -4.266524903200897612e+00 -8.098526885666389674e+00 -1.959813131745970383e+00 1.660846441184313793e-01 -7.470240484416686977e-01 -6.389558841604910944e-01 7.814307477031307014e-02
1.748882889224064112e+09 -4.269616881191078406e+00 -8.262978505143628638e+00 -1.895980137381358288e+00 1.883894824363384068e-01 -7.394221414690377303e-01 -6.427931458541186194e-01 6.768508887248586570e-02
1.748882889424553156e+09 -4.269324471453151304e+00 -8.336765863783755393e+00 -1.854264186652635926e+00 2.079042937774377986e-01 -7.228523041407992622e-01 -6.559428725916839342e-01 6.324001046340267662e-02
1.748882889625648975e+09 -4.258316539932845757e+00 -8.379257971459603382e+00 -1.819389254991590876e+00 2.133162528004308445e-01 -7.082315676319486109e-01 -6.701494693052429952e-01 6.167585986977977552e-02
1.748882889859543085e+09 -4.237510734349291042e+00 -8.435458188809423774e+00 -1.772976757150667604e+00 2.019596978846140145e-01 -7.016437292994706088e-01 -6.811829901348638305e-01 5.383392532606503383e-02
1.748882890026803970e+09 -4.239126257736920422e+00 -8.513765813812085526e+00 -1.733319918255969538e+00 1.870653977038889693e-01 -7.019890522715327430e-01 -6.857635428424068147e-01 4.411655903436811216e-02
1.748882890227578163e+09 -4.242564473566982741e+00 -8.575737257594795437e+00 -1.682366818657309748e+00 1.789324537889777356e-01 -6.965628910580913269e-01 -6.935921639977842279e-01 4.139113217490125035e-02
1.748882890595448256e+09 -4.256369387185740649e+00 -8.668164462124595460e+00 -1.585139468528868223e+00 1.685398264687945902e-01 -6.904458133925612806e-01 -7.022578362242771766e-01 4.138643647560081434e-02
1.748882890863079071e+09 -4.257452090694926028e+00 -8.795630788050631921e+00 -1.524947509293156367e+00 1.641292322536042070e-01 -6.895225839160701309e-01 -7.038432146086299745e-01 4.716917042877890459e-02
1.748882891230952024e+09 -4.278336575444519951e+00 -8.855075034025785996e+00 -1.427670885589449101e+00 1.775591928067087322e-01 -6.998980937583690887e-01 -6.891651312212073721e-01 6.055421795455248613e-02
1.748882891431904078e+09 -4.260074806516296775e+00 -8.840177736532700337e+00 -1.333111872844721768e+00 1.824339874597755429e-01 -7.094768675094123012e-01 -6.775986482901175112e-01 6.496527167621010679e-02
1.748882891632474899e+09 -4.248971567278921668e+00 -8.840604582886173901e+00 -1.229604505190862840e+00 1.750482663220631896e-01 -7.129166775062416583e-01 -6.762933536481752217e-01 6.111640698213371969e-02
1.748882891866600990e+09 -4.266200214956805681e+00 -8.838319182977663502e+00 -1.103422874180103319e+00 1.735881173697068625e-01 -7.093198108034984850e-01 -6.801741779918628605e-01 6.399733668539178688e-02
