1.748881918092998981e+09 1.106808558316855162e+01 -9.467735865253615657e+00 1.114498410439048071e+00 6.142208347592286177e-01 -3.779217583150763504e-01 -4.436569740066428347e-01 5.320492459866715818e-01
1.748881918126605272e+09 1.106820857418187209e+01 -9.455000443300551893e+00 1.119343596825515430e+00 6.136249394198336482e-01 -3.777425251004469242e-01 -4.443355792804751236e-01 5.322977657648284566e-01
1.748881918159986973e+09 1.106497118826400872e+01 -9.447556365655728428e+00 1.126826650225688065e+00 6.127461656658869105e-01 -3.779217334828992580e-01 -4.451982143146731574e-01 5.324620641830367651e-01
1.748881918527985096e+09 1.099645846902657276e+01 -9.365934049405872486e+00 1.159633007516451375e+00 6.060352695661628264e-01 -3.806413485042843270e-01 -4.501966818288301586e-01 5.340003403753776912e-01
1.748881919698789120e+09 1.055950745319326245e+01 -9.205383365714057575e+00 1.194014794868176743e+00 6.166938536809630778e-01 -3.770449734404136555e-01 -4.291535571727321252e-01 5.416207189550924506e-01
1.748881920568444014e+09 1.025843448274524583e+01 -9.070410374920546914e+00 1.226162764040017450e+00 6.036619419291557875e-01 -3.780478338112116532e-01 -4.521263960140718963e-01 5.368927427748468872e-01
1.748881922307842255e+09 9.410525139250093929e+00 -8.898494200498982210e+00 1.295323489342591561e+00 6.134219652462128414e-01 -3.804404629150565098e-01 -4.394500688135795641e-01 5.346608118706587254e-01
1.748881922341341972e+09 9.394500767452369061e+00 -8.895455788706804867e+00 1.296350900308320453e+00 6.137253187933882081e-01 -3.799893235239600875e-01 -4.392374152702137602e-01 5.348082274110026457e-01
1.748881922374849081e+09 9.379782510653082994e+00 -8.894360494336090994e+00 1.296505431862392310e+00 6.137961480159366268e-01 -3.796958038517750378e-01 -4.391722640985762927e-01 5.349888855524788100e-01
1.748881922508586168e+09 9.319496650582129504e+00 -8.885458085510938631e+00 1.299029810456596934e+00 6.138992645672319837e-01 -3.785199169912258910e-01 -4.393235885751421432e-01 5.355792657732620921e-01
1.748881922542097092e+09 9.302693862563584659e+00 -8.881893586569319154e+00 1.300275297077693848e+00 6.139122105030027088e-01 -3.781738226876723008e-01 -4.394818609567275325e-01 5.356790564499620544e-01
1.748881922575346947e+09 9.289649443951589092e+00 -8.880661435550340599e+00 1.298266125250621350e+00 6.132965143581173839e-01 -3.783137227128887670e-01 -4.401922101269281073e-01 5.357022781609843687e-01
1.748881922943482876e+09 9.144704144205253016e+00 -8.837120377941468874e+00 1.308889817686258228e+00 6.071754594361500335e-01 -3.831615067636210403e-01 -4.503111898352942233e-01 5.307966216002633075e-01
1.748881922976871967e+09 9.134437034150767687e+00 -8.832269512417655122e+00 1.312295225556300959e+00 6.070673784688120911e-01 -3.834332117858849642e-01 -4.502868695317875369e-01 5.307446704638940638e-01
1.748881923378213167e+09 9.031775809160652813e+00 -8.758813399597856986e+00 1.346606918789575946e+00 6.033136017739983981e-01 -3.809536088810915322e-01 -4.569979630464774956e-01 5.310742957123116836e-01
1.748881924147546291e+09 8.850177212108846447e+00 -8.594343425130469782e+00 1.395371750202607952e+00 6.171016529814402629e-01 -3.611861242606996258e-01 -4.382061399595476026e-01 5.447068132774385285e-01
1.748881924381739140e+09 8.785319165976144262e+00 -8.544728288863117527e+00 1.401924944688060393e+00 6.269477071482465469e-01 -3.484384837462749518e-01 -4.224674336090096238e-01 5.541195386249888610e-01
1.748881924615994215e+09 8.719082285307475644e+00 -8.488296727309078804e+00 1.406236008630164180e+00 6.343496624690623253e-01 -3.373020172001909289e-01 -4.082062873325561503e-01 5.632011025381954417e-01
1.748881925017407179e+09 8.626064404588536405e+00 -8.420158172472667957e+00 1.411288084742532423e+00 6.476024069640353709e-01 -3.161950445833010548e-01 -3.898990346124268092e-01 5.732456359045836614e-01
1.748881925151068926e+09 8.592536963491241409e+00 -8.397747624811835010e+00 1.412365569086355688e+00 6.509259536987669348e-01 -3.086014993753416480e-01 -3.866595058382753525e-01 5.758080790763030476e-01
1.748881925652842999e+09 8.475122670267893454e+00 -8.331742145724700066e+00 1.441379915564763081e+00 6.477365255401592581e-01 -3.088705705220768927e-01 -3.864074796575939774e-01 5.794183495637632575e-01
1.748881926020927191e+09 8.373815834788796764e+00 -8.273687202514235395e+00 1.472334084594943082e+00 6.451076954007974873e-01 -3.115518980088137768e-01 -3.866409955710170543e-01 5.807583118007269007e-01
1.748881926054190159e+09 8.362774134439503015e+00 -8.267212749884500056e+00 1.476475089929283335e+00 6.454964419223351291e-01 -3.109245091075254486e-01 -3.860676610814281484e-01 5.810439348009458493e-01
1.748881927057714939e+09 7.927033100557324019e+00 -8.082997745441643289e+00 1.479156998024108827e+00 6.515743498849901894e-01 -3.146481349330909616e-01 -3.745639493504748785e-01 5.797838093652278868e-01
1.748881927258598089e+09 7.846518744478133023e+00 -8.037457214885208145e+00 1.462177351260852687e+00 6.538138457352533628e-01 -3.179927170260247182e-01 -3.776466396755475685e-01 5.734030890961892002e-01
1.748881927392218113e+09 7.805749985032207405e+00 -8.013279363611269801e+00 1.448991675035847582e+00 6.548338243517896062e-01 -3.211904695450303882e-01 -3.799713993507022325e-01 5.689034016717792186e-01
1.748881927425840139e+09 7.791766055617957321e+00 -7.998083460867771777e+00 1.448860652668712001e+00 6.561951713445286494e-01 -3.208706168105114331e-01 -3.789880365215198554e-01 5.681707600231906685e-01
1.748881927593079090e+09 7.752041771736180920e+00 -7.964393463794341876e+00 1.442811562635935019e+00 6.611428551093363470e-01 -3.193954797806364265e-01 -3.811368669048561530e-01 5.617929701585118174e-01
1.748881927626465082e+09 7.743380076220486075e+00 -7.960776738435314748e+00 1.442864696448796114e+00 6.624521737237669683e-01 -3.175327962064266041e-01 -3.826819515940806382e-01 5.602540180901248723e-01
1.748881927660027981e+09 7.737575832457768144e+00 -7.952688851032936768e+00 1.440747087254443004e+00 6.635557402039848895e-01 -3.151241652798815185e-01 -3.840251178415262645e-01 5.593882810408183914e-01
1.748881927793714046e+09 7.709168280905048576e+00 -7.916973669214609544e+00 1.444769636551187730e+00 6.666861586055767841e-01 -3.061017612127580056e-01 -3.871723535912537373e-01 5.585059053589286338e-01
1.748881927827237129e+09 7.703458514134984725e+00 -7.907234705910409112e+00 1.447403920539124922e+00 6.664483353094264872e-01 -3.052510634531645506e-01 -3.871686337562013636e-01 5.592574126995216721e-01
1.748881927860590219e+09 7.699110727547655131e+00 -7.898831892491905649e+00 1.447743325624576194e+00 6.658197437929063156e-01 -3.046796461722350857e-01 -3.872368042159869406e-01 5.602696131725328765e-01
1.748881927994485140e+09 7.677863983183003782e+00 -7.861629911457231223e+00 1.460503320318230269e+00 6.620499292549596460e-01 -3.044789100821316818e-01 -3.841915889131764517e-01 5.669032611452056170e-01
1.748881928027861118e+09 7.673321476725504020e+00 -7.853294142755222751e+00 1.461628633954146661e+00 6.607007025606038697e-01 -3.045573880983802884e-01 -3.835507817554761334e-01 5.688656931169079334e-01
1.748881928262113094e+09 7.640465082070742042e+00 -7.786312333410309705e+00 1.480039591018729839e+00 6.523720859076200806e-01 -3.058717781307626060e-01 -3.807808309779060485e-01 5.795334982824041914e-01
1.748881929466426134e+09 7.385640075255693660e+00 -7.420292110836784083e+00 1.567800632070019073e+00 6.461066287946493070e-01 -2.989292569739946392e-01 -3.409985053830736912e-01 6.139279622880018383e-01
1.748881929867802143e+09 7.322983618649459459e+00 -7.332715186700800025e+00 1.550801489840251790e+00 6.715716597928833576e-01 -2.591133965862922883e-01 -3.005181150214606967e-01 6.257320640789428845e-01
1.748881931071938038e+09 7.079369166071995068e+00 -6.971455829235933876e+00 1.586535377365308142e+00 6.730630450996956116e-01 -2.476804329842201557e-01 -3.182093806586703266e-01 6.199865567080464768e-01
1.748881931239172220e+09 7.025323358637976412e+00 -6.940462366601549249e+00 1.583949189982538197e+00 6.731506104889120046e-01 -2.510704988154724981e-01 -3.055281992563370075e-01 6.248874936195596419e-01
1.748881931640622139e+09 6.867170835411576135e+00 -6.880829524220865245e+00 1.582382101029046195e+00 6.741231133629347338e-01 -2.552614921944974524e-01 -2.976818180854098328e-01 6.259274189663424082e-01
1.748881931674076080e+09 6.850310058185004713e+00 -6.875101195371876805e+00 1.580156528499208957e+00 6.741494317201705000e-01 -2.550666611601761780e-01 -2.975507892233714147e-01 6.260407893328673312e-01
1.748881932811336040e+09 6.530480629093700529e+00 -6.680331136678638870e+00 1.578036142361916028e+00 6.863988285103298503e-01 -2.447482302325041381e-01 -3.094756021555331027e-01 6.108844438092804197e-01
1.748881933045561314e+09 6.491056803488273630e+00 -6.616663875683201468e+00 1.577449596053552394e+00 6.863732000424018764e-01 -2.432638779432949594e-01 -3.117041878494123952e-01 6.103728493541317190e-01
1.748881933079094172e+09 6.486148966417448314e+00 -6.608292368648841730e+00 1.577952269358645410e+00 6.862783485023824515e-01 -2.432534040843157275e-01 -3.120617256664157679e-01 6.103009824277965123e-01
1.748881933212722063e+09 6.461766843659144222e+00 -6.569990835226493076e+00 1.578571068667761201e+00 6.861287024945486035e-01 -2.417274837893083062e-01 -3.137684449151439958e-01 6.102004508106899650e-01
1.748881935453921080e+09 5.786299258601061091e+00 -6.076478850618500793e+00 1.464390118193050316e+00 6.817145916495882529e-01 -2.407263879384872185e-01 -2.804768840935593088e-01 6.313863628328473254e-01
1.748881939835757256e+09 5.136057927451282978e+00 -4.590433474831873362e+00 1.436061393704852973e+00 6.649570862962633777e-01 -2.379753963023469865e-01 -3.167028199541824796e-01 6.331659403128009345e-01
1.748881947529649973e+09 3.770922175115726915e+00 -3.645831268014995352e+00 8.476373384786359821e-01 6.697438180923445117e-01 -2.403888861740961502e-01 -2.703001735378410264e-01 6.485323567228387098e-01
1.748881950105136156e+09 3.621149049437073053e+00 -4.004984961220628747e+00 8.256751662452566087e-02 6.937567042089850533e-01 -2.592845346939481876e-01 -2.488544068258914110e-01 6.241351212974344254e-01
1.748881956393893957e+09 2.723628904997438482e+00 -3.540803228655465595e+00 2.144114942814920877e-01 6.870996493512866454e-01 -2.253330044247436881e-01 -2.533113759288722067e-01 6.426137687626054529e-01
1.748881960441368103e+09 1.862626346492220364e+00 -3.309386147199396611e+00 8.649405265560912159e-01 6.671635395030494076e-01 -2.405269921390779109e-01 -2.674668402835517766e-01 6.523044281307800452e-01
1.748881972751172304e+09 -4.674683155998771156e-02 -1.351279231946385551e+00 1.265343510247836090e+00 6.566875235901816765e-01 -2.417658378229660121e-01 -2.211614169270061658e-01 6.792631328767906318e-01
1.748881974323330164e+09 1.712711847504770901e-01 -1.108500274493312787e+00 1.052977069227561291e+00 6.518100078673573217e-01 -2.731069624647787242e-01 -2.832995490510248904e-01 6.483036836272823011e-01
1.748881974356592894e+09 1.776101094471531638e-01 -1.110646360359337947e+00 1.047673401109651570e+00 6.523574483928986645e-01 -2.730289972560167033e-01 -2.822504017764526640e-01 6.482435012252049100e-01
1.748881975494115114e+09 4.303639477674856550e-01 -1.051112613942693841e+00 9.022109315613429104e-01 7.082436239826853663e-01 -1.767328436370276812e-01 -1.906343025261373891e-01 6.563650156492311094e-01
1.748881982418158293e+09 1.688191791617450477e+00 3.721414451711986260e-01 6.076258832805642163e-01 6.532197886918592600e-01 -2.931899527337316069e-01 -3.010561360313482870e-01 6.298482057093036657e-01
1.748881982552051067e+09 1.690575040390552175e+00 3.871255241040660877e-01 6.041218878681136051e-01 6.475115203270327413e-01 -3.013333157332699352e-01 -3.119339389657831974e-01 6.265973839669770618e-01
1.748881982752783298e+09 1.724205389696392032e+00 4.009213094860584192e-01 5.996828377598232285e-01 6.371040415122654066e-01 -3.149160328146177745e-01 -3.265733412657105816e-01 6.231181150789868450e-01
1.748881982986830235e+09 1.759747592032061547e+00 4.192351374441045664e-01 5.912765507084148942e-01 6.263866098486554623e-01 -3.267881908228098542e-01 -3.422126876268534734e-01 6.194673274421081954e-01
1.748881995463988066e+09 2.676598132701405675e+00 -2.233264539213397626e-01 7.364828358281227949e-01 6.984521436546113904e-01 -2.241883664788671959e-01 -2.183214750055247622e-01 6.436147239701925926e-01
1.748882002822879076e+09 3.498018882934118778e+00 -2.694989521117645559e+00 9.212407460803530013e-01 6.546077436905640701e-01 -2.563069434518815415e-01 -3.930608420951136051e-01 5.927045023029458015e-01
1.748882013292956114e+09 2.038202089491417013e+00 -5.612224308818962726e-01 1.150755908981059061e+00 6.233930031253290815e-01 -2.859917837507854887e-01 -3.377878646529035023e-01 6.445845342347725770e-01
1.748882018912591219e+09 1.517238196377478587e+00 1.188929475569031169e+00 1.232877459516191543e+00 6.314326450628802156e-01 -2.924794459687580783e-01 -3.295312885180077811e-01 6.380891147185979717e-01
1.748882028144911289e+09 1.267408061943761766e+00 1.439577852859271090e+00 2.847708741988441705e-01 5.721664760206646161e-01 -4.032500451221924243e-01 -4.448879560307921754e-01 5.586498289678319962e-01
1.748882028981177092e+09 1.419714053230919149e+00 1.129351009028603414e+00 3.759588832577346329e-01 6.654167142339078023e-01 -2.961546538367524350e-01 -3.171882127341604796e-01 6.073752177455812307e-01
1.748882030018197060e+09 2.019105009613182844e+00 1.091757579075707696e+00 4.491533319360234700e-01 6.696877806281164025e-01 -1.846721349972676451e-01 -2.472012860689261626e-01 6.755042584608977885e-01
1.748882041223935127e+09 3.556314152822929842e+00 -1.704752072762288684e+00 6.340673275477731741e-01 5.745316604028868346e-01 -3.877718890368486715e-01 -4.474428035487421074e-01 5.651028851633458361e-01
1.748882061595237255e+09 4.350315061760884561e+00 -1.209287522067187481e+00 -2.594158991901274192e-02 5.390131714338569635e-01 -4.429072744260726946e-01 -4.891209192526236316e-01 5.235061352369724252e-01
1.748882062397992134e+09 4.260106853248844416e+00 -9.951201920932604139e-01 -3.317023329203760973e-02 4.428183702089315554e-01 -5.461822588247580157e-01 -5.542104997207066841e-01 4.454745258147932430e-01
1.748882062832860947e+09 4.078539033934020175e+00 -9.692899576759348435e-01 -5.902535577753642571e-02 3.885550857908600664e-01 -5.789009959175424047e-01 -5.914967370239354594e-01 4.050064102230634955e-01
1.748882065642541170e+09 4.244294705722096772e+00 3.170471007477324576e-01 8.585008486690659524e-02 4.129174699635437817e-01 -5.496689913542834871e-01 -5.997074967230747733e-01 4.095290970329382718e-01
1.748882072700645208e+09 3.294865815600515724e+00 2.445610930763674418e+00 4.532431636356658577e-01 5.517866813663807601e-01 -4.231076448394471834e-01 -4.739807320969363080e-01 5.402348051967259535e-01
1.748882075711278200e+09 2.520185869984505445e+00 3.312280112278999766e+00 6.480668305419209352e-01 6.392748579736931003e-01 -3.129119815506945512e-01 -3.652731676134815531e-01 5.999910505885448497e-01
1.748882079591490269e+09 1.445258754275105417e+00 4.770692763595903330e+00 8.273460606116493921e-01 6.464335730511974187e-01 -2.951235881105059855e-01 -3.203466771256854306e-01 6.264213516696044426e-01
1.748882082233896971e+09 4.541445655714326790e-01 5.231914140032495553e+00 3.620939272501976225e-01 6.523245992672173088e-01 -2.647590607845868860e-01 -3.301997293593166849e-01 6.287633860637579231e-01
1.748882088689929008e+09 -1.444100307045880882e+00 6.805551291673204162e+00 6.531763224194588879e-01 6.531571879681228321e-01 -2.550541986064513988e-01 -2.803361773299090087e-01 6.555491371810728829e-01
1.748882092670480967e+09 -3.233366482790806629e+00 6.003115562862312515e+00 8.595354887695800805e-01 7.063219619997578302e-01 -6.093563455561401554e-02 -1.529109571140362389e-01 6.884870177661933655e-01
1.748882094911656141e+09 -3.927936369066616251e+00 5.701312470260790022e+00 9.835900978347459356e-01 6.876364930306340106e-01 -3.343400159947751416e-02 -8.463526788331547646e-02 7.203298497354504448e-01
1.748882098959257126e+09 -5.295331233041508767e+00 5.089695232033198735e+00 1.118291328129187967e+00 7.048087267601369499e-01 7.464309004457259089e-02 6.393707097739084397e-03 7.054304985616234314e-01
1.748882103541838169e+09 -6.535213229310997463e+00 4.899307168350446773e+00 1.371383103670208881e+00 7.177974455728948211e-01 1.428828470311838128e-01 3.133911940438269261e-02 6.807122584089758677e-01
1.748882106151019096e+09 -7.054905762566079375e+00 4.163496577640000140e+00 1.441911642193126175e+00 6.969793647740883946e-01 3.875309558796136145e-02 1.622476914493040101e-02 7.158594272115521573e-01
1.748882106987312317e+09 -7.209649178742097320e+00 4.415917576301159997e+00 1.497664747583742573e+00 7.283834904710887459e-01 7.988721051179059618e-02 -1.183574510770208851e-02 6.803935916390921879e-01
1.748882116520608187e+09 -8.363637508853020819e+00 2.303665035773628134e+00 1.769492183585966494e+00 6.995235228862527466e-01 2.029665992179963130e-01 1.551132230872935003e-01 6.673914058138287198e-01
1.748882122207101107e+09 -9.148252462347638669e+00 1.717624596080543853e+00 2.007471142502097905e+00 7.178501487646159473e-01 2.540797969986339222e-01 1.929411374171180471e-01 6.187958776268152050e-01
1.748882135486873150e+09 -5.616965195244208786e+00 2.787246871450118846e+00 1.433190921563906706e+00 7.116936540817606627e-01 5.356908800904736090e-02 2.140912273159862808e-03 7.004412266880560844e-01
1.748882138464064121e+09 -5.091238586658299425e+00 3.167412842959413055e+00 1.734148060408503778e+00 6.740881512864985714e-01 5.557524240379196900e-02 -2.850642521918387434e-02 7.360053943064099879e-01
1.748882143347794056e+09 -6.461614591280014253e+00 2.668462629930212771e+00 1.977416341314364168e+00 7.143584711654011876e-01 1.015913442345434126e-01 4.674773828474425297e-02 6.907863797268373185e-01
1.748882149101171017e+09 -8.086882630108370051e+00 2.271805792438891913e+00 1.771120544614893433e+00 7.122920190306476496e-01 2.151988130740006833e-01 1.442010495516575508e-01 6.523309035949352852e-01
1.748882150439065218e+09 -8.281484533143071758e+00 2.420613578169804825e+00 1.903404479002193561e+00 6.903351488198863350e-01 2.150762092221027988e-01 1.740337068548966082e-01 6.684997198270313801e-01
1.748882156493566036e+09 -9.081592215023924552e+00 1.611850275805146282e+00 2.060892142454289644e+00 6.920324455021573673e-01 2.995852485891734585e-01 2.417986286296970599e-01 6.106334386461852448e-01
1.748882158902007103e+09 -8.843229008511741540e+00 1.606242950350406318e+00 1.559751200738820787e+00 7.086536284943837360e-01 2.110628281852918731e-01 1.770281816847673884e-01 6.495564180804893617e-01
1.748882160072775126e+09 -8.469011434678069605e+00 2.018027073192738996e+00 1.595028636162962865e+00 7.252898006329494551e-01 1.393076099647677646e-01 5.259314043861328808e-02 6.721473473000729726e-01
1.748882164287819147e+09 -7.350250308660939424e+00 3.504943390202170050e+00 1.558432227296886019e+00 7.213271778750898200e-01 1.369464042032769724e-01 4.873554416877045464e-02 6.771688353498892532e-01
1.748882165926741123e+09 -6.722340028044648363e+00 3.130985833988368938e+00 1.452905199496687949e+00 7.248206992688633887e-01 1.601951995501351700e-01 2.335409037629120402e-02 6.696469505755880958e-01
1.748882173218929052e+09 -4.865721844095611814e+00 3.713171336284720070e+00 1.231663288006352719e+00 6.857358256787281503e-01 1.182027661833265908e-01 1.372116033379071516e-02 7.180572492541367202e-01
1.748882175560355186e+09 -4.875139571681399886e+00 4.039541471335907019e+00 1.193172036372643685e+00 7.189432178643372362e-01 -6.228273164205300194e-02 -9.062375815458134642e-02 6.863154123899710690e-01
1.748882175727583170e+09 -4.851626276233757196e+00 4.039705208187653440e+00 1.208081510918672663e+00 7.105592651010081973e-01 -8.764619252417782391e-02 -1.126040071398051873e-01 6.890167002991933742e-01
1.748882175761084080e+09 -4.850117630913816313e+00 4.037876405403791225e+00 1.208426453473003148e+00 7.086610013256865459e-01 -9.050606937302263511e-02 -1.145666237843732671e-01 6.902772814756189534e-01
1.748882175961842060e+09 -4.827644172874242301e+00 4.034025756285350539e+00 1.220854924575211831e+00 6.982915027481131354e-01 -9.829768157798590700e-02 -1.265906575503923936e-01 6.976398414706067586e-01
1.748882176329596996e+09 -4.782804978453528477e+00 4.037953118936249197e+00 1.236997966460982923e+00 6.898967749995732479e-01 -5.092881397239679142e-02 -8.018470406883949908e-02 7.176483184582447272e-01
1.748882177299803972e+09 -4.666295871194009237e+00 4.189611271715962815e+00 1.240744594269663992e+00 6.976283216426744094e-01 -1.566068773525608471e-02 -4.902551931297007698e-02 7.146089603117058431e-01
1.748882179106325150e+09 -4.699818563162951435e+00 4.307311744725838665e+00 1.212701499658476401e+00 7.011912022725448335e-01 -8.179504543750049095e-02 -7.215047994107307017e-02 7.045812775271089734e-01
1.748882180310213327e+09 -4.690225157470788275e+00 4.348021884371837231e+00 9.562399645727734931e-01 7.121842017307919992e-01 -3.378051143855720362e-02 -5.140587386737220654e-02 6.992924824306034903e-01
1.748882180745195150e+09 -4.678954578611008941e+00 4.349806891612402637e+00 7.445558014721902484e-01 7.121918077803344183e-01 -2.236712946634178412e-02 -3.909086029666136719e-02 7.005386820806417392e-01
1.748882181113270044e+09 -4.599169013394755368e+00 4.349996904348463644e+00 5.062649960086978984e-01 7.104948844009931763e-01 1.847929968963957226e-02 -9.668350001677639832e-03 7.033932454404470125e-01
1.748882181547997952e+09 -4.411187607457971893e+00 4.445081569586042392e+00 2.266443228379976249e-01 7.103435214935397424e-01 9.884852422350043355e-02 6.899107385943965831e-02 6.934560421964137689e-01
1.748882182150094271e+09 -4.309631304863168921e+00 4.436897786123591203e+00 -1.126734247316525384e-01 7.257360228883075193e-01 1.799603927583166563e-01 1.510053822587322792e-01 6.466211074883255749e-01
1.748882182584976912e+09 -4.507858450728727817e+00 4.527154356403391589e+00 -2.019778335554471838e-01 7.382117695268124447e-01 1.589157243480179282e-01 1.060404995034091302e-01 6.469502209228346068e-01
1.748882182919502258e+09 -4.777000579961773852e+00 4.656086605734769179e+00 -8.113180732503599835e-02 7.327359250143465896e-01 1.541465263072728797e-01 9.624055834411236743e-02 6.558007834322739926e-01
1.748882193289100170e+09 -7.566612225814335346e+00 3.187976639103737853e+00 3.754306164143400570e-01 6.895436519018577348e-01 1.848943728750103155e-01 1.520773627561476660e-01 6.835320758663355756e-01
1.748882199912266016e+09 -9.541999002473794178e+00 1.287393086626741123e+00 7.145640317167947231e-01 5.821253104636210374e-01 4.259335504741939005e-01 3.764722791535617397e-01 5.813599199523494798e-01
