1.748882158032520056e+09 1.011204515163806406e+01 5.457211186893231591e+00 -8.150957824576256172e+00 5.901346016748187928e-01 -3.709249336501734273e-01 -3.077791834879051169e-01 6.476324727144526783e-01
1.748882159437380314e+09 1.015283420642476564e+01 5.243916705694834590e+00 -8.180722741031955181e+00 4.971857850089819730e-01 -5.346180482741464957e-01 -4.213069171966273840e-01 5.380430458307386976e-01
1.748882159470746994e+09 1.015752458208975462e+01 5.236761819971527565e+00 -8.175278130976190383e+00 4.973201570391711512e-01 -5.343733676162903956e-01 -4.231612574836633445e-01 5.367050545223169822e-01
1.748882175560355186e+09 1.059191941666944459e+01 2.751461094260071238e+00 -7.852196755964220287e+00 3.107912702455375431e-01 -6.896813144758765501e-01 -5.540033423892810616e-01 3.476043259562475729e-01
1.748882175727583170e+09 1.058792883574187549e+01 2.742604062852662672e+00 -7.841843051968316658e+00 2.870881074585265869e-01 -6.983469249807465751e-01 -5.674532072086113654e-01 3.284643794302186670e-01
1.748882175761084080e+09 1.058677805598170707e+01 2.742238957904948649e+00 -7.841465806793056714e+00 2.837710803839590401e-01 -6.986089405669528851e-01 -5.695434836833209724e-01 3.271692869013037019e-01
1.748882175961842060e+09 1.058040293652993569e+01 2.733398245746156086e+00 -7.832491323213058187e+00 2.721200918668985613e-01 -6.957438965647876339e-01 -5.826348304724887628e-01 3.200433413078469513e-01
1.748882176329596996e+09 1.057448081951579510e+01 2.713264141599209367e+00 -7.819062070568215894e+00 3.016940264415636230e-01 -6.610087940505137150e-01 -5.770322463348180886e-01 3.729368247936327707e-01
1.748882177299803972e+09 1.063239193946160910e+01 2.630051161502323431e+00 -7.801127771962833357e+00 3.334120775465886921e-01 -6.448465345793910064e-01 -5.584731968021837689e-01 4.013938487826728130e-01
1.748882179106325150e+09 1.069908465205672776e+01 2.619672600953013575e+00 -7.816008679523782199e+00 2.833542100087551030e-01 -6.852747985614924264e-01 -5.585634556872760559e-01 3.716392176526984725e-01
1.748882180310213327e+09 1.071962004989476469e+01 2.582667546247625623e+00 -7.948137438745405348e+00 3.289113257429923109e-01 -6.657446705610909898e-01 -5.439998587625974880e-01 3.907243620300192566e-01
1.748882180745195150e+09 1.071709023940201178e+01 2.556342745066665589e+00 -8.055932791677323124e+00 3.379355108182015566e-01 -6.590080996735222518e-01 -5.380547212270387902e-01 4.024984870257618530e-01
1.748882181113270044e+09 1.070961489673955391e+01 2.515566208224077727e+00 -8.162735827645692055e+00 3.725051004667445653e-01 -6.324220576440112707e-01 -5.233190451567744095e-01 4.329197016858635783e-01
1.748882181547997952e+09 1.072347408386088041e+01 2.411108511786336450e+00 -8.282212541172652820e+00 4.365049882922348856e-01 -5.789995130090629383e-01 -4.720524634083204663e-01 5.013875057491962162e-01
1.748882182150094271e+09 1.069825440375320724e+01 2.331096419702770373e+00 -8.448633354137996321e+00 5.078207518647922525e-01 -5.363309581333849385e-01 -3.899377168117830750e-01 5.499234167871158707e-01
1.748882182584976912e+09 1.078191853156772417e+01 2.406109602155594995e+00 -8.508739649296595431e+00 5.020123137010445991e-01 -5.613311702761289990e-01 -4.128875665047165855e-01 5.122643961810823265e-01
1.748882182919502258e+09 1.089776533979672735e+01 2.524355575507300387e+00 -8.470332609620255582e+00 4.950563963494187814e-01 -5.609936581996097793e-01 -4.261666611722958464e-01 5.085147557334046553e-01
1.748882193289100170e+09 1.068820921908840837e+01 4.300727875648272303e+00 -8.586371393999609580e+00 4.967491383241939840e-01 -5.007334273836419047e-01 -4.158705494218460363e-01 5.740714366682718728e-01
1.748882199912266016e+09 1.015349492263239739e+01 5.661011143541731627e+00 -8.702568471090041058e+00 6.105019318489595115e-01 -2.656013041804007324e-01 -2.362023431320738054e-01 7.077794794463010408e-01
1.748882209512366295e+09 9.694727849073183634e+00 5.887997471435704178e+00 -8.504847046590167992e+00 6.154919675370885690e-01 -1.879671644992394475e-01 -1.944859210978392983e-01 7.402791429333698270e-01
1.748882218744825125e+09 9.050822329188237703e+00 6.587200939011150780e+00 -8.497119259626670029e+00 5.775826851944154683e-01 -2.330209306999477814e-01 -2.055458975139009270e-01 7.548843432172536172e-01
1.748882225970113039e+09 8.531813541875752804e+00 6.649898286495039557e+00 -8.420435151399470186e+00 6.193687959357467854e-01 -1.528881037962318556e-01 -1.280791246530659788e-01 7.593439669654324931e-01
1.748882226036866188e+09 8.534871570906583216e+00 6.658362968792005177e+00 -8.420147056573366484e+00 6.203870821717014650e-01 -1.585835133203020719e-01 -1.352316834567438841e-01 7.560975660369019247e-01
1.748882226170755148e+09 8.542024885385773203e+00 6.675853683416590911e+00 -8.418457327215637775e+00 6.228777864780619122e-01 -1.639635957888719853e-01 -1.389364684380370030e-01 7.522206193040308353e-01
1.748882226204258204e+09 8.542314740304330911e+00 6.682775875538597532e+00 -8.415896362447345069e+00 6.241020559332356443e-01 -1.634696006180589301e-01 -1.384656326370100887e-01 7.513997484908504498e-01
1.748882226237741232e+09 8.541016115577525269e+00 6.689334103938568532e+00 -8.419290156269406467e+00 6.245656051621901739e-01 -1.627156881099146579e-01 -1.388764776278197111e-01 7.511023456580296909e-01
1.748882226371497154e+09 8.536666682516937499e+00 6.720948028307838662e+00 -8.420533362764274443e+00 6.261756689898803074e-01 -1.654625959412565628e-01 -1.431651911773902663e-01 7.483514474794565885e-01
1.748882229984194040e+09 8.327052002695085164e+00 6.681710893653387551e+00 -8.376467943056715271e+00 6.734443974208682571e-01 -4.426060395678665937e-02 -5.448755083547326961e-02 7.358972410084007043e-01
1.748882230017472029e+09 8.324148455518512790e+00 6.676258295203743920e+00 -8.375119859279566370e+00 6.730868943880059518e-01 -4.411039310356301701e-02 -5.329670114146083104e-02 7.363204244558182454e-01
1.748882230051079035e+09 8.322598427641471730e+00 6.673461930900646877e+00 -8.374766648195137719e+00 6.727493847734513643e-01 -4.347782650778109215e-02 -5.247423530727498425e-02 7.367254566784142700e-01
1.748882230184714079e+09 8.311251978322633960e+00 6.657270907422326189e+00 -8.370629863067151177e+00 6.710090496996027332e-01 -4.112282417123980238e-02 -4.729860759588739444e-02 7.387953778096526536e-01
1.748882230218346119e+09 8.307677954799675746e+00 6.652224079072517782e+00 -8.368442166920832648e+00 6.705505069982969912e-01 -4.099216558241669528e-02 -4.581594957374794663e-02 7.393122200328131610e-01
1.748882230619770288e+09 8.272195572401818353e+00 6.633433166884124432e+00 -8.357481050547578505e+00 6.642288551320967294e-01 -6.997537479890825196e-02 -5.348715265374266725e-02 7.423224362988444236e-01
1.748882230853857040e+09 8.265613419957491104e+00 6.641848744144390970e+00 -8.353194533510976072e+00 6.614768273409180610e-01 -6.920514497117835617e-02 -5.761162680209296061e-02 7.445400964741439864e-01
1.748882235536959171e+09 7.871249474752724851e+00 6.212755305610884626e+00 -8.155281702264240096e+00 6.521734713947877626e-01 4.410812444570821889e-02 6.882283296713388558e-03 7.567541679722535886e-01
1.748882240353832006e+09 7.516236102676677078e+00 5.744853296170236767e+00 -8.114489544718022529e+00 6.486646087056574528e-01 1.462573431508784605e-02 4.033353420145772972e-02 7.598641453097393361e-01
1.748882251626582146e+09 8.158185832146713778e+00 5.374750047881304837e+00 -8.076221919873249888e+00 6.181891542041803023e-01 2.808581269200272068e-02 -7.690089838204489971e-03 7.854897957758778526e-01
1.748882254904519081e+09 8.155070355442655128e+00 5.329290287827125105e+00 -8.226976826812238741e+00 6.701451875464803365e-01 4.371547552240018231e-02 1.632794498429628385e-02 7.407616236150013078e-01
1.748882255841301203e+09 8.112094883523095490e+00 5.312031615833065601e+00 -8.270086677342412429e+00 6.978448115219683112e-01 7.121982465810638985e-03 -1.950542560872061543e-02 7.159479274147302341e-01
1.748882255874731064e+09 8.110448884458627106e+00 5.308883165470728471e+00 -8.269216736547708280e+00 6.979104813699429366e-01 2.361379941842933761e-03 -2.309471591492234799e-02 7.158086462006126860e-01
1.748882255908191204e+09 8.109303187224535137e+00 5.306860678710599188e+00 -8.268848247531161988e+00 6.980339307626668433e-01 -2.678940195333767704e-03 -2.648844917924719766e-02 7.155695751242699965e-01
1.748882258249742270e+09 8.237977896645810816e+00 5.630032877225223054e+00 -8.346202884174838132e+00 6.485705900263110113e-01 -5.198691619746886872e-02 -8.288236400058676678e-02 7.548404228940542859e-01
1.748882258316675186e+09 8.240051823449281443e+00 5.635389767977233788e+00 -8.348350140019263677e+00 6.428937175459623621e-01 -4.879462244977483820e-02 -8.810706085707409319e-02 7.593048785481653074e-01
1.748882259119416237e+09 8.241863722015134286e+00 5.658753367598980510e+00 -8.352204830816395642e+00 5.963883978105015693e-01 -1.092407066208533895e-01 -1.466879818706251226e-01 7.815817186633289282e-01
1.748882259320186138e+09 8.246171666960405489e+00 5.654461707915007018e+00 -8.347628715873877780e+00 5.914127061453747780e-01 -1.413945557890060600e-01 -1.679130912778927509e-01 7.759148048468567094e-01
1.748882259453903198e+09 8.255560529857566721e+00 5.641019050456668182e+00 -8.341440849812999048e+00 5.917172284315166397e-01 -1.492265198226965239e-01 -1.725240481679490012e-01 7.731995991738962459e-01
1.748882259922353983e+09 8.261649098459407980e+00 5.588483527170143184e+00 -8.351001455378328941e+00 6.207503642679460532e-01 -1.811193310307109838e-01 -1.474280777522632979e-01 7.484181552303984519e-01
1.748882267080532074e+09 8.229264691560276290e+00 5.582479667083610764e+00 -8.292240773298738432e+00 6.862365987810868928e-01 -2.413381227949651375e-02 -6.722328473581891395e-02 7.238631912091887388e-01
1.748882268184341192e+09 8.124262366496878940e+00 5.446092159169206859e+00 -8.252841355012275670e+00 6.597575746653620010e-01 -2.173607595924287317e-02 -3.671647160226652190e-02 7.502662103458032083e-01
1.748882268920227289e+09 8.068333937847107507e+00 5.497911042145401161e+00 -8.269004548389045084e+00 6.886354697589447404e-01 2.648028472741481565e-04 -3.411532184864610184e-02 7.243046765584857383e-01
1.748882268953836203e+09 8.066500910359147625e+00 5.500421362182772000e+00 -8.269833589249531158e+00 6.903568320413264736e-01 1.725687369407924443e-03 -3.383467277574233462e-02 7.226753637527192353e-01
1.748882269121127129e+09 8.057533512232273765e+00 5.506114471853160275e+00 -8.270978135981328805e+00 6.987090990815587599e-01 9.906312519169957476e-03 -3.027884997474892745e-02 7.146961949507744105e-01
1.748882269154488087e+09 8.053180254398657922e+00 5.505482743761087150e+00 -8.268587381354178589e+00 6.998201309351588240e-01 1.167585535472215330e-02 -2.882121147701539529e-02 7.136419245732622541e-01
1.748882269187965155e+09 8.051733154988077956e+00 5.507385357806378501e+00 -8.268386882637829061e+00 7.006681916910409980e-01 1.272886096840941672e-02 -2.796561988857235517e-02 7.128253540349849260e-01
1.748882271964412928e+09 7.839817643929070101e+00 5.663237654624788675e+00 -8.296674988230909875e+00 6.778576176337277603e-01 8.960286872243095058e-02 7.042005340032668481e-02 7.263066791732901706e-01
1.748882271997665167e+09 7.837238168809383509e+00 5.664696763410813851e+00 -8.298712364095679916e+00 6.773938844521832925e-01 9.088645201356504444e-02 7.177064912247506367e-02 7.264476251401109641e-01
1.748882272365764141e+09 7.815699264354064368e+00 5.643713248938211358e+00 -8.296513824702845596e+00 6.785902508540041511e-01 9.606852060646542402e-02 7.778397208172690980e-02 7.240412726368392615e-01
1.748882272399203062e+09 7.814480984957304699e+00 5.642290277344835125e+00 -8.296172992585479022e+00 6.786187916569027534e-01 9.633415422648317072e-02 7.789862163232579018e-02 7.239668991655470176e-01
1.748882272432703018e+09 7.812866365641321309e+00 5.640003013976063961e+00 -8.295444945634857348e+00 6.786566591294370676e-01 9.674613114771535294e-02 7.813875160251015917e-02 7.238505789354742204e-01
1.748882272566421032e+09 7.805727077878456655e+00 5.628492059379425427e+00 -8.295473433115239104e+00 6.790605612972330229e-01 9.952272340394996419e-02 7.894434452356970111e-02 7.230074495360969689e-01
1.748882272599933147e+09 7.803935670947875103e+00 5.625264377021094830e+00 -8.296283086836389487e+00 6.791866920511215877e-01 1.007343036870719244e-01 7.882604328121677051e-02 7.227340398113011322e-01
1.748882272633326292e+09 7.801610203750973582e+00 5.623758086669436551e+00 -8.295587298625388684e+00 6.795070149188084940e-01 1.015368780928032066e-01 7.874718995529945975e-02 7.223291210642430737e-01
1.748882272834069014e+09 7.792377519686692899e+00 5.610785096522074689e+00 -8.298156285667044330e+00 6.815931712127105691e-01 1.065007121035500548e-01 7.803431815145528416e-02 7.197214686726208788e-01
1.748882272867544174e+09 7.792306697382036518e+00 5.604439408549194646e+00 -8.296526190260079758e+00 6.823588739799609781e-01 1.072648424011022339e-01 7.803363851149641706e-02 7.188820292274135104e-01
1.748882273001303196e+09 7.785141007087007736e+00 5.591501560376010538e+00 -8.296921859690010947e+00 6.845143228186131301e-01 1.120280532920329142e-01 7.996795936980753694e-02 7.158875488552665090e-01
1.748882273402570009e+09 7.761187379181834878e+00 5.533106834155813836e+00 -8.297619637767853717e+00 6.826051183388422983e-01 1.260457012916063047e-01 9.088320240303321418e-02 7.140749100230950885e-01
1.748882273670311928e+09 7.737159749759207727e+00 5.481538525255229111e+00 -8.297569035747470068e+00 6.868437256619963627e-01 1.267246004068176557e-01 9.473061149651870738e-02 7.093748539495720040e-01
1.748882274406094074e+09 7.690323307420460885e+00 5.366328265296325561e+00 -8.285893886680709031e+00 6.993089705720199056e-01 1.044377920588531738e-01 6.892193841146343480e-02 7.037822658130709064e-01
1.748882274439700127e+09 7.688580825683420272e+00 5.360415014420519597e+00 -8.284037377965844939e+00 6.996035780641570723e-01 1.032080068534566575e-01 6.771810089796369281e-02 7.037877518768984597e-01
1.748882274473104954e+09 7.686139113697491254e+00 5.357571591063382321e+00 -8.285327281661402310e+00 6.996320161529353543e-01 1.021411644100744809e-01 6.622902398453388295e-02 7.040567739101649680e-01
1.748882274807595015e+09 7.658321127003409501e+00 5.353486860811635495e+00 -8.274586058385882126e+00 7.044367104889747155e-01 6.449909367591410980e-02 5.078540032238130358e-02 7.050032843501888857e-01
1.748882275041718006e+09 7.639270205216885934e+00 5.382880654801708964e+00 -8.272164542438405377e+00 7.013273873378694789e-01 9.667808114260822983e-03 5.302268529900511923e-02 7.107988633219570751e-01
1.748882276246036053e+09 7.561188010526020520e+00 5.657086495602702492e+00 -8.282936706503837954e+00 6.658851404926372508e-01 6.453800991516711605e-03 5.136018121252445418e-02 7.442563133152980681e-01
1.748882279691314936e+09 7.589323397541455130e+00 6.495822712646942776e+00 -8.370710464402694839e+00 7.024270346315980573e-01 -4.769724700758681823e-02 -8.216865031121513285e-02 7.053860975044736747e-01
1.748882279892070055e+09 7.602135118445785267e+00 6.535383623197063230e+00 -8.377204413382319359e+00 6.874736975891501123e-01 -7.896463988119750699e-02 -1.090653885922447663e-01 7.136170133781544189e-01
1.748882280092898130e+09 7.617282869550857427e+00 6.559022883641464574e+00 -8.381661635561844292e+00 6.677149238401306475e-01 -1.056724745048298608e-01 -1.223840239939727043e-01 7.266445205767656512e-01
1.748882280260050058e+09 7.639749589018361320e+00 6.573833295920382014e+00 -8.387963236602766770e+00 6.552518059898223557e-01 -1.092697240247467727e-01 -1.057244565603295688e-01 7.399510371934450159e-01
1.748882281263564110e+09 7.677036600840336789e+00 6.666004951548558211e+00 -8.439148760696498996e+00 6.688560182127153420e-01 -8.733574021894474626e-02 -7.761428833769061508e-02 7.341526528092605641e-01
1.748882281296898127e+09 7.677474750369125189e+00 6.670417458844008607e+00 -8.439734397636849295e+00 6.719864577066735345e-01 -8.744366543453385709e-02 -7.743234782007585304e-02 7.312947678913623850e-01
1.748882281330480337e+09 7.681783099918984448e+00 6.663616563892404976e+00 -8.455026083555660321e+00 6.725546220751150717e-01 -8.868094753538202646e-02 -7.699448273579835578e-02 7.306694324370446303e-01
1.748882287953591108e+09 7.116963296703981534e+00 6.769774254444934414e+00 -8.724204284559998968e+00 7.051759631307910059e-01 -1.117785441972795057e-01 -7.639670964135340803e-02 6.959856038997306316e-01
1.748882287987004995e+09 7.104291242368010018e+00 6.763793802761140839e+00 -8.718126931459345030e+00 7.069234467608509487e-01 -1.127081205649231865e-01 -7.628070202170583736e-02 6.940730325243569254e-01
1.748882288120858908e+09 7.079903030864384661e+00 6.736569859936334836e+00 -8.724483718065684457e+00 7.113744771070086292e-01 -1.182607866030350730e-01 -8.033873618766505798e-02 6.881180328552145564e-01
1.748882288154252052e+09 7.066025615247852443e+00 6.730694802563888857e+00 -8.722747621084307568e+00 7.127968580955669209e-01 -1.184853784008902400e-01 -8.053846192835922846e-02 6.865824133667424167e-01
1.748882288187776089e+09 7.065245091782555775e+00 6.723583149726615638e+00 -8.728115445662041338e+00 7.134684448380980148e-01 -1.188869068806333029e-01 -8.246374873764775182e-02 6.855861811156898078e-01
1.748882288355013132e+09 7.071678254671581065e+00 6.673381523679417171e+00 -8.721833463627964633e+00 7.190084480778859977e-01 -1.138067644593090399e-01 -9.515091888730504988e-02 6.789854008672312480e-01
1.748882288388516188e+09 7.070997932014878806e+00 6.662578071171132876e+00 -8.721979837293421411e+00 7.200231334355055024e-01 -1.103518776715302074e-01 -9.789645186275885980e-02 6.780895480132154152e-01
1.748882288555752993e+09 7.029368312993002021e+00 6.631552036588923116e+00 -8.732663891144589741e+00 7.234939844695741362e-01 -9.816510825508706350e-02 -1.009444590953604698e-01 6.758182315797286455e-01
1.748882288589001179e+09 7.017576581257266355e+00 6.629594477834846344e+00 -8.719017061512639444e+00 7.244680372040048777e-01 -9.780710728572084012e-02 -9.876884447209945128e-02 6.751477972976157593e-01
1.748882288723005056e+09 6.987476822347646888e+00 6.606291157794833779e+00 -8.724050233993155601e+00 7.190439646191505441e-01 -1.073429866150601431e-01 -7.981334788606903041e-02 6.819700064288385377e-01
1.748882288923606157e+09 6.945825038368472093e+00 6.575753494840639313e+00 -8.747916931011936015e+00 7.065841202151958989e-01 -1.341766955785009818e-01 -6.790640686559126782e-02 6.914652669006280394e-01
1.748882289391901016e+09 7.005566566306742793e+00 6.551975337363991514e+00 -8.747319746802379115e+00 6.841714840960828603e-01 -1.596501842135739091e-01 -3.411975059817397293e-02 7.108143510435432910e-01
1.748882292001075983e+09 7.025595393933477872e+00 6.855444985479908659e+00 -8.686842076616638764e+00 7.098817278038902501e-01 -1.164729102315892328e-01 -1.246854111428108980e-01 6.833414534187837175e-01
1.748882292636638165e+09 7.056441988573709523e+00 7.084984507106658391e+00 -8.672454231001243130e+00 7.086947510772697578e-01 -1.462873163885923811e-01 -1.466391997105813971e-01 6.744247296530510027e-01
1.748882292670102119e+09 7.058847351137035986e+00 7.095869547762333696e+00 -8.677150417234761548e+00 7.074360795123564305e-01 -1.465919006798160895e-01 -1.457942175906905835e-01 6.758617123172343533e-01
1.748882293439496994e+09 7.129040830359902436e+00 7.411447796693297008e+00 -8.704270802809341845e+00 6.778209437051017083e-01 -1.410303728503311538e-01 -9.826928547035801431e-02 7.148512780582877424e-01
1.748882296650669098e+09 6.400289253909557274e+00 7.959271526355351511e+00 -8.871368989056186649e+00 6.654983955768520865e-01 -1.657838054751524792e-01 -8.549802826095038999e-02 7.227155059152267080e-01
1.748882296684171200e+09 6.390962972523837493e+00 7.960897239464054920e+00 -8.875686511584063965e+00 6.626550786326512732e-01 -1.704306282598504474e-01 -8.748930421464282126e-02 7.240077826662816296e-01
1.748882296817929983e+09 6.370997859594316637e+00 7.942377792882784782e+00 -8.871233201913915067e+00 6.541496495439622638e-01 -1.841360950632620064e-01 -9.708813329924891045e-02 7.271561241362354266e-01
1.748882297018842936e+09 6.324354082835871083e+00 7.927268421877074367e+00 -8.861934412717108245e+00 6.480325734620766553e-01 -1.881178257798880038e-01 -1.081744144959524423e-01 7.300436722583271143e-01
1.748882298055583000e+09 6.070942148472993516e+00 7.961554150644676753e+00 -8.814444305225292098e+00 6.291047465378323267e-01 -2.375770357593505189e-01 -1.824276507409781367e-01 7.172897059128188202e-01
1.748882299494000912e+09 5.719789332288379491e+00 8.108453146165947700e+00 -9.021797640824509301e+00 7.199063875743024754e-01 -1.372382052832327171e-01 -1.014123682808589499e-01 6.727674187265781924e-01
1.748882300898889065e+09 5.222106188320214670e+00 8.615085781119699249e+00 -8.880894694379936283e+00 7.039318406612128376e-01 -1.410820370713923300e-01 -1.008477835613256074e-01 6.887710411086336304e-01
1.748882303742232084e+09 5.118459448474694362e+00 9.912321207931498179e+00 -8.637445734849579893e+00 7.389550609098231027e-01 -1.900163695548865439e-01 -1.350128731495763568e-01 6.321477053196008500e-01
1.748882305514870167e+09 5.090064952174797597e+00 1.042208307619258179e+01 -8.391758511404123766e+00 6.871050460933013637e-01 -1.861776392514877809e-01 -1.686225084551173092e-01 6.817558154634025813e-01
1.748882305949893951e+09 5.042127586486226498e+00 1.062137307624455573e+01 -8.342424427249364172e+00 6.959797902869738762e-01 -1.966925795680120048e-01 -1.678348868764055757e-01 6.698922386489973846e-01
1.748882306786138296e+09 4.870469820297139485e+00 1.057068796786670539e+01 -8.356091868402856448e+00 7.100135174638506630e-01 -1.644183827868275216e-01 -1.213446946738580556e-01 6.738863891598365630e-01
1.748882323879260063e+09 -1.524981364406338358e+00 3.309232736182195378e+00 -7.742764010097576310e+00 6.904165718571759758e-01 1.510797069220887190e-01 2.333933341886092749e-01 6.678528513210408857e-01
1.748882324548285007e+09 -1.328920380360981923e+00 3.026557481447396114e+00 -7.719282506304500302e+00 7.240359162680363170e-01 7.240200756085246603e-02 2.021636578320019917e-01 6.554843985229920067e-01
1.748882325150403261e+09 -1.166297440689646692e+00 2.800530312590928883e+00 -7.655072167007567430e+00 7.204728406683206243e-01 1.732269546638764979e-02 1.095547484922597126e-01 6.845557443801761899e-01
1.748882325351046085e+09 -1.069412553004193356e+00 2.753657365465531637e+00 -7.622392016225759015e+00 7.137042710198101547e-01 1.035560093536558313e-02 1.016414235201455879e-01 6.929559842314281237e-01
1.748882325484774113e+09 -9.509236718276827816e-01 2.764990190730883146e+00 -7.559885828049015544e+00 7.098663451211441044e-01 1.128823088482167059e-02 1.052678615816354940e-01 6.963339897103036913e-01
1.748882325551781178e+09 -9.142675201621344172e-01 2.779148717411132896e+00 -7.547358047007567627e+00 7.063073214499901997e-01 1.773672027889749980e-02 1.115785762669554704e-01 6.988315946908293386e-01
1.748882326287681103e+09 -5.156479893339440679e-01 3.192771259587543042e+00 -7.434477964850428222e+00 6.930759097564349602e-01 7.421374892654597488e-02 1.555456072064169415e-01 6.999597608893993739e-01
1.748882326321063995e+09 -5.023413348480119112e-01 3.220370471706013316e+00 -7.430028096384779346e+00 6.934294293249664287e-01 7.248393996356539137e-02 1.538570196861135109e-01 7.001640682630869694e-01
1.748882326354557037e+09 -4.862885422882161635e-01 3.238055062492282588e+00 -7.420001387949278104e+00 6.942477374863693651e-01 7.009756314352100226e-02 1.516590461740397744e-01 7.000756704456865265e-01
1.748882326488308191e+09 -4.387488073485208417e-01 3.310489875326620091e+00 -7.386094510208419450e+00 6.978727327724700835e-01 5.669001672223827892e-02 1.363116917750129831e-01 7.008416465523082950e-01
1.748882326521810055e+09 -4.312839747677710278e-01 3.330869772257568862e+00 -7.381464855843425710e+00 6.985377314596041831e-01 5.273256714139828993e-02 1.311068467415184846e-01 7.014807971908023632e-01
1.748882326555305004e+09 -4.205822098858433833e-01 3.350704498629989203e+00 -7.379291188327189666e+00 6.990350014075928931e-01 4.734197289021790933e-02 1.252813385384041744e-01 7.024339048081139625e-01
1.748882326689076185e+09 -3.863720432568555907e-01 3.433292668976222206e+00 -7.373121294970338191e+00 6.998256711886823300e-01 2.294683470076219756e-02 9.818844647911975643e-02 7.071608739887572659e-01
1.748882326722562075e+09 -3.763405300268836129e-01 3.456301232299806347e+00 -7.367860618410292162e+00 7.000633170700375496e-01 1.657444799139551339e-02 9.047215983035773734e-02 7.081323520799672755e-01
1.748882326755810261e+09 -3.695804979577435034e-01 3.469822969728396433e+00 -7.367364960438747445e+00 6.999867370811568845e-01 1.022922381102742140e-02 8.243804179695925216e-02 7.093080432050534734e-01
1.748882326889837265e+09 -3.419476500706277733e-01 3.550574417081026724e+00 -7.366011262908603641e+00 6.992323655053916953e-01 -1.898214220545491049e-02 4.823696585128346009e-02 7.130126032774509737e-01
1.748882326923384190e+09 -3.314274160108467981e-01 3.566824082188400524e+00 -7.356415732091846849e+00 6.991369681404436820e-01 -2.695492017769074433e-02 3.946079123464923955e-02 7.133889388073929583e-01
1.748882326956691027e+09 -3.261564509516201582e-01 3.581968995554446700e+00 -7.352496077757768589e+00 6.985082277678761331e-01 -3.495305752848043568e-02 3.085514414710571404e-02 7.140815776853882690e-01
1.748882327090334177e+09 -3.010549205041765930e-01 3.628413007120121048e+00 -7.338320427046588712e+00 6.954105300682241753e-01 -6.882235431789240909e-02 -3.774452987015461305e-03 7.152995398579694575e-01
1.748882327157399178e+09 -2.914587557348049529e-01 3.643009363257096567e+00 -7.331919199841564705e+00 6.929963844730276934e-01 -8.577565946694543086e-02 -2.039090625116764255e-02 7.155297046891752055e-01
1.748882328595747232e+09 4.721524186366501397e-01 2.793357007680532966e+00 -7.065194002778228288e+00 7.112479566578266965e-01 -1.401185299847995669e-01 -5.254314700770984503e-02 6.868277509008290371e-01
1.748882328729487896e+09 5.881755049956911563e-01 2.776538932854760056e+00 -7.066984167509920312e+00 7.140828605717247646e-01 -1.342143808798120785e-01 -4.431662429833613942e-02 6.856443721154222848e-01
1.748882328763002157e+09 6.173675416222383916e-01 2.772879425511316942e+00 -7.065332661657893532e+00 7.147778583600842284e-01 -1.334645293847246394e-01 -4.341182890766675379e-02 6.851242556683980744e-01
1.748882328796504259e+09 6.400665245507788370e-01 2.783227998491188071e+00 -7.066943658689273100e+00 7.154262520553170690e-01 -1.326889066585978938e-01 -4.239649704549014464e-02 6.846615725729752189e-01
1.748882328930261135e+09 7.456718513035607288e-01 2.815973278523686840e+00 -7.056228811432625925e+00 7.164998484943367885e-01 -1.275962728016882819e-01 -4.032561884102717209e-02 6.846320199492553771e-01
1.748882328963777065e+09 7.718662721039226682e-01 2.827671949094629156e+00 -7.053204568682110320e+00 7.164177686542565482e-01 -1.246886357852858840e-01 -3.915123446713628108e-02 6.853214615800092835e-01
1.748882328996999979e+09 8.012229359809417417e-01 2.838439462150394998e+00 -7.050426986557599918e+00 7.161685590227138132e-01 -1.216903241078078901e-01 -3.788219949128052849e-02 6.861916634932030412e-01
1.748882329164261341e+09 9.681951273961697524e-01 2.956464281905151648e+00 -7.022847678422519557e+00 7.131404913175817262e-01 -1.051460408830665605e-01 -2.919798236267673319e-02 6.924755790321295290e-01
1.748882329197858095e+09 1.011773424718388270e+00 2.981971584992166413e+00 -7.015468029562160091e+00 7.122130855187825960e-01 -1.031991810078424221e-01 -2.875764594693017151e-02 6.937401874294993886e-01
1.748882329365188122e+09 1.173347492567637929e+00 3.114563505906654317e+00 -6.980069460568028461e+00 7.081187129271921954e-01 -9.987400941370649932e-02 -3.304065650072730148e-02 6.982129944823204371e-01
1.748882329398517132e+09 1.202033835882165391e+00 3.142603690832467045e+00 -6.975808558642742518e+00 7.072782321607041789e-01 -1.007258167258123782e-01 -3.498209034422859048e-02 6.988476697476322386e-01
1.748882329532431126e+09 1.293168381901946162e+00 3.241485932523088920e+00 -6.955486879292291036e+00 7.036334749531809596e-01 -1.058091682038047043e-01 -4.567920834335453817e-02 7.011545926359282754e-01
1.748882329565722227e+09 1.316873530509086621e+00 3.271223278152448177e+00 -6.950072714065525403e+00 7.026834038103956237e-01 -1.075009454325229763e-01 -4.886004811936290465e-02 7.016354298624918329e-01
1.748882329599278212e+09 1.338992913007876595e+00 3.298058078910064861e+00 -6.944420295377472740e+00 7.016743358027165423e-01 -1.090740684391695581e-01 -5.229044185090055835e-02 7.021550282957329525e-01
1.748882329733030081e+09 1.426381226272773972e+00 3.409208392635013851e+00 -6.921874579852506315e+00 6.973241715336063740e-01 -1.187277946243285864e-01 -6.741384621457194304e-02 7.036320657255259459e-01
1.748882329766503096e+09 1.447069083992344574e+00 3.436601510523627834e+00 -6.915193301969913442e+00 6.962438750421656719e-01 -1.217810628164059938e-01 -7.165615737736059920e-02 7.037607791824485037e-01
1.748882329799901962e+09 1.468683608090369574e+00 3.464815946682960224e+00 -6.916318436458155361e+00 6.946481178664334344e-01 -1.256438899962847300e-01 -7.570153989449218690e-02 7.042349622880317295e-01
1.748882329967152119e+09 1.574695891920073976e+00 3.625093885228931612e+00 -6.905767094107897464e+00 6.882607909191496010e-01 -1.464171158970301034e-01 -9.844711211316803379e-02 7.036812332102652112e-01
1.748882330000651121e+09 1.592526769881626336e+00 3.657967539163344384e+00 -6.904394541516910344e+00 6.868954367214429313e-01 -1.509647720807014704e-01 -1.030895496841690157e-01 7.033895374170671122e-01
1.748882330401905060e+09 1.884264634359775314e+00 3.927949157278171288e+00 -6.855132222912337703e+00 6.703521330713694271e-01 -2.002856098690743991e-01 -1.507458390910282053e-01 6.984192037471330661e-01
1.748882330535928249e+09 2.031585091997049730e+00 3.954847187743725456e+00 -6.832062672942656789e+00 6.692847848529651644e-01 -2.032335422545075154e-01 -1.498405576942103135e-01 6.987859553088441311e-01
1.748882331004179001e+09 2.545107270898313345e+00 3.914535725326182103e+00 -6.753065272056247181e+00 6.767827738775529234e-01 -1.999280173532564930e-01 -1.329449184155471475e-01 6.959306815533311541e-01
1.748882331372182131e+09 2.800129299094062496e+00 3.741054372442859766e+00 -6.720672223484606356e+00 6.835985742893390116e-01 -2.176887051951109653e-01 -1.296643855270295798e-01 6.844645819806578491e-01
1.748882331405475140e+09 2.824936408597095827e+00 3.708250498515921922e+00 -6.715525485446417697e+00 6.840785025013262910e-01 -2.213738017845540140e-01 -1.310104963983345083e-01 6.825441320035340320e-01
1.748882331572788000e+09 2.959953505003138474e+00 3.589723576983940845e+00 -6.701343320643265322e+00 6.852471664687708186e-01 -2.393384937347546870e-01 -1.419730988109709768e-01 6.730505519478530152e-01
1.748882331606330156e+09 2.991772459675780205e+00 3.558409792969028373e+00 -6.696287181899094776e+00 6.853230767306363047e-01 -2.422249791735148206e-01 -1.437715133636375819e-01 6.715572141746182222e-01
1.748882331639698029e+09 3.024674753246157977e+00 3.522936595836689833e+00 -6.697824373187874158e+00 6.852135639142109547e-01 -2.443935201334875851e-01 -1.462605987918957906e-01 6.703446996775492828e-01
1.748882331773569107e+09 3.090388160945251705e+00 3.390665642695992243e+00 -6.675217480929451774e+00 6.849981952645678440e-01 -2.504718002327696036e-01 -1.530178486529686632e-01 6.668034851184098111e-01
1.748882331806955099e+09 3.102461724309122815e+00 3.352232832374925309e+00 -6.673004697588186929e+00 6.846880339542009697e-01 -2.522034158375461299e-01 -1.548711105460465198e-01 6.660410440190897008e-01
1.748882331840430260e+09 3.108353192654620401e+00 3.300278867859285370e+00 -6.673682271938544019e+00 6.840956821076771277e-01 -2.544411343276175019e-01 -1.570128238806080267e-01 6.652967608674674738e-01
1.748882331974176168e+09 3.142555817111558625e+00 3.127529635849810141e+00 -6.664809320360449263e+00 6.820015286975608104e-01 -2.638650932448510789e-01 -1.672656908913656426e-01 6.612649363694633742e-01
1.748882332007699013e+09 3.154127723925238769e+00 3.067333070572605624e+00 -6.662804022422021966e+00 6.815123603280586195e-01 -2.659941757539197038e-01 -1.698626917234344058e-01 6.602534870377737564e-01
1.748882332041139126e+09 3.164552588054856841e+00 3.011902945339546278e+00 -6.663647619085566909e+00 6.809676693643446077e-01 -2.681052994976883541e-01 -1.723233851742841660e-01 6.593233141515797424e-01
1.748882332174930096e+09 3.172200629961410279e+00 2.788220357272943151e+00 -6.646335412524521757e+00 6.809981378465619350e-01 -2.727767616022255259e-01 -1.800148177072228295e-01 6.553083548873408493e-01
1.748882332409092188e+09 3.152870226787990227e+00 2.322859806897981994e+00 -6.611646274817639224e+00 6.840950353520438565e-01 -2.731885193331238249e-01 -1.892307472346635988e-01 6.492871012212331205e-01
1.748882332442595243e+09 3.171652584467803848e+00 2.264862015270431517e+00 -6.606249751891434485e+00 6.846515970228612691e-01 -2.734194799158362610e-01 -1.906301126729599005e-01 6.481929796278985689e-01
1.748882332576270103e+09 3.213903326479249145e+00 1.982527259955397358e+00 -6.582100549799577038e+00 6.863815453631155750e-01 -2.757823591604537938e-01 -1.942050034259203417e-01 6.442894389986338899e-01
1.748882332610211134e+09 3.226137838095312738e+00 1.904800617899678361e+00 -6.568658761890245223e+00 6.872464333842677187e-01 -2.758142341683073040e-01 -1.942614378514375684e-01 6.433361032886663056e-01
1.748882332643283129e+09 3.237173181770667263e+00 1.854275839059868147e+00 -6.563474585682854467e+00 6.882148146827490320e-01 -2.751469137080972960e-01 -1.934663800899731334e-01 6.428260297335357532e-01
1.748882332777146339e+09 3.292868374933759945e+00 1.566532481339445226e+00 -6.529706772232819922e+00 6.921713797156233694e-01 -2.709077723961957895e-01 -1.878776775039630587e-01 6.420356207046599151e-01
1.748882332843967199e+09 3.304049916675152687e+00 1.419895004974206287e+00 -6.519795217235202500e+00 6.936674143320621377e-01 -2.699129615338247135e-01 -1.854814865767056564e-01 6.415365380297575193e-01
1.748882332977584124e+09 3.404659453048404671e+00 1.139048685470035238e+00 -6.498685039670275110e+00 6.942122127647495367e-01 -2.757983711087069745e-01 -1.869249987956837500e-01 6.380154441448010472e-01
1.748882333011288166e+09 3.423711369437016927e+00 1.063639957721668416e+00 -6.495223733630005825e+00 6.941083848295249714e-01 -2.769390148366726034e-01 -1.883736325996487604e-01 6.372077421939045250e-01
1.748882333044617176e+09 3.435943451252168046e+00 9.940953679961923584e-01 -6.488245008235410616e+00 6.940711683036503432e-01 -2.778990418645023164e-01 -1.898288375322639554e-01 6.363979480651604792e-01
1.748882347896559238e+09 -3.763405300268836129e-01 3.456301232299806347e+00 -7.367860618410292162e+00 7.000633170700375496e-01 1.657444799139551339e-02 9.047215983035773734e-02 7.081323520799672755e-01
1.748882351542526007e+09 -1.520550434972362197e+00 3.467210254293861205e+00 -7.486676445952795689e+00 7.074289695572856251e-01 2.109475201389487964e-02 9.858135203643668409e-02 6.995577041954850195e-01
1.748882351576129198e+09 -1.524326158814037768e+00 3.457474453955124982e+00 -7.488033462944934548e+00 7.083697489549791726e-01 2.117766821798938714e-02 9.725741967168262392e-02 6.987880933824749397e-01
1.748882351709885120e+09 -1.550788579059307892e+00 3.433965734684336191e+00 -7.494462323787475455e+00 7.121365413141852452e-01 1.987651500603182519e-02 9.247603757621902787e-02 6.956397437973813602e-01
1.748882351944174290e+09 -1.626298524715609872e+00 3.404930779305002098e+00 -7.508400178366390065e+00 7.177394816267322897e-01 1.202433570548633313e-02 8.675287116437896406e-02 6.907817247219035783e-01
1.748882351977385998e+09 -1.636932714181771331e+00 3.400672087613134664e+00 -7.509537293879113840e+00 7.185898327594276713e-01 1.088313748363456401e-02 8.580484312583488982e-02 6.900345922266802878e-01
1.748882352111387014e+09 -1.672578613800322245e+00 3.394150098054591780e+00 -7.512311165213718667e+00 7.207301690343576039e-01 6.502772923979383002e-03 8.155942420073407362e-02 6.883703928206458267e-01
1.748882352144669056e+09 -1.680596227336474513e+00 3.390943183957239704e+00 -7.512659463342750144e+00 7.208651308710936068e-01 5.627145627566498831e-03 8.068621081404570017e-02 6.883396935458238053e-01
1.748882352345555067e+09 -1.748531388041602241e+00 3.379746953430684542e+00 -7.520874000337843590e+00 7.198893386393699911e-01 6.606074738054301676e-03 8.371185895917468422e-02 6.889905837959797719e-01
1.748882352512788057e+09 -1.784309502692591920e+00 3.363294693839119720e+00 -7.520109895103656683e+00 7.165138632933649721e-01 9.555653313647494151e-03 9.035199357752125848e-02 6.916307471872068513e-01
1.748882352546199083e+09 -1.797855565792540133e+00 3.360448244175672450e+00 -7.521806032028313993e+00 7.155752052106770789e-01 1.107319221815361576e-02 9.157669224222531046e-02 6.924183847499790767e-01
1.748882352579798222e+09 -1.810710549497168032e+00 3.358469638842438432e+00 -7.523649101715441212e+00 7.146089348560599186e-01 1.247587349022916126e-02 9.272432597046512126e-02 6.932392243503436857e-01
1.748882352780291080e+09 -1.869103267168318538e+00 3.347441128867262972e+00 -7.530438906235721319e+00 7.095656761674159485e-01 1.560925736911011885e-02 9.660131294136611868e-02 6.978116426568612418e-01
1.748882352814314127e+09 -1.883826023480516199e+00 3.345604917181259186e+00 -7.533288573928989429e+00 7.085424988168111948e-01 1.617518498627878998e-02 9.751019973550692499e-02 6.987114223401751367e-01
1.748882352981163025e+09 -1.931779434554014685e+00 3.341962258200009916e+00 -7.546847073063792877e+00 7.033983663523882823e-01 1.275904504292990627e-02 1.001715566599427065e-01 7.035862450465526496e-01
1.748882353181788921e+09 -2.004523908922218212e+00 3.319973332731363413e+00 -7.548908828344442767e+00 6.988561416971225126e-01 1.493867318395813992e-02 1.037980979422182259e-01 7.075329562071944745e-01
1.748882358868211031e+09 -3.576451790950562426e+00 1.563633484121617734e+00 -7.646868352955557668e+00 6.630817761754883577e-01 1.822929769470975625e-01 2.526715557742806317e-01 6.806239149209563077e-01
1.748882359069079161e+09 -3.590553461711827765e+00 1.461482720345189001e+00 -7.665676036285023365e+00 6.717509416675538914e-01 1.901680951362120231e-01 2.458520878992053460e-01 6.724161797849759203e-01
1.748882359269711971e+09 -3.596608624104536744e+00 1.354133621453837755e+00 -7.681616611080571921e+00 6.794279982763493653e-01 1.947954441746961862e-01 2.413763991958983723e-01 6.649584678746469635e-01
1.748882359436809063e+09 -3.592527715556775192e+00 1.265885921713244322e+00 -7.699907942461348576e+00 6.838518940536898461e-01 1.966687940527749312e-01 2.342064875116731670e-01 6.624313501431314810e-01
1.748882359470458269e+09 -3.595745496597645641e+00 1.252312750851899636e+00 -7.703308906251407961e+00 6.845782023848627773e-01 1.965365830158987137e-01 2.328690459419131831e-01 6.621918632828763807e-01
1.748882359503845215e+09 -3.594836817144040353e+00 1.233758564781806122e+00 -7.707675245665321917e+00 6.850916155690121023e-01 1.963838461473466079e-01 2.312104856193326063e-01 6.622873806657408879e-01
1.748882359637727022e+09 -3.596028772969329879e+00 1.166527538131043151e+00 -7.714181692839732207e+00 6.860804756529900184e-01 1.984484831363675372e-01 2.223928028871361706e-01 6.636664988476108640e-01
